25.238539 121.634395
25.238125 121.633438
25.237511 121.632161
25.236659 121.63007
25.235893 121.628545
25.235063 121.627161
25.232921 121.623826
25.230908 121.620455
25.228483 121.615916
25.227395 121.614319
25.225956 121.612189
25.224134 121.609457
25.221799 121.605979
25.21828 121.601152
25.212168 121.593023
25.211431 121.592347
25.210791 121.59146
25.209802 121.589298
25.208686 121.586782
25.207125 121.582778
25.205914 121.579943
25.205148 121.578278
25.20448 121.576294
25.203843 121.574594
25.203142 121.573035
25.202374 121.571758
25.201255 121.570126
25.200454 121.569097
25.199462 121.567819
25.196738 121.564801
25.19565 121.563523
25.194593 121.562245
25.193665 121.560898
25.193282 121.560118
25.192866 121.559621
25.192003 121.558096
25.191173 121.556395
25.19015 121.554374
25.188679 121.551963
25.187912 121.550793
25.186888 121.549162
25.185799 121.547743
25.184807 121.546289
25.183816 121.54487
25.182919 121.54377
25.18215 121.542954
25.181253 121.541854
25.1801 121.540328
25.179172 121.538875
25.178438 121.537457
25.174857 121.531078
25.172459 121.526931
25.170419 121.523676
25.169026 121.521474
25.162941 121.514664
25.157008 121.50693
25.152405 121.50085
25.147709 121.49546
25.142859 121.48997
25.14253 121.489494
25.141483 121.48823
25.140674 121.48723
25.138354 121.484304
25.137593 121.483409
25.136355 121.482457
25.133067 121.480083
25.128351 121.475708
25.126731 121.474285
25.123635 121.471702
25.121633 121.470277
25.119964 121.469117
25.117676 121.467481
25.116008 121.466373
25.114006 121.464792
25.11148 121.462788
25.105905 121.458202
25.102762 121.45499
25.101238 121.45362
25.099427 121.452197
25.096566 121.450246
25.091131 121.446553
25.084789 121.442333
25.081975 121.440907
25.079924 121.439851
25.076822 121.438476
25.075344 121.437945
25.074246 121.437522
25.073005 121.437045
25.071813 121.436569
25.068472 121.435351
25.065035 121.43429
25.062553 121.433495
25.059069 121.432485
25.05401 121.430737
25.047615 121.428093
25.044181 121.426298
25.043084 121.42556
25.041987 121.425031
25.041163 121.424501
25.039172 121.423448
25.037502 121.422656
25.035833 121.421811
25.034449 121.421178
25.032685 121.42028
25.030538 121.419172
25.027245 121.41785
25.023569 121.416841
25.02123 121.416308
25.018555 121.415985
25.016693 121.415822
25.015642 121.415818
25.013253 121.415758
25.005894 121.416309
X
24.906491 121.234969
24.906886 121.223377
24.907698 121.182187
24.905081 121.158793
24.902145 121.142772
24.899637 121.131014
24.897631 121.122098
24.896125 121.114603
24.894189 121.106713
24.891163 121.098133
24.887724 121.089669
24.885355 121.079098
24.88313 121.071051
24.88083 121.064897
24.878817 121.058902
24.877669 121.052749
24.87533 121.045143
24.873444 121.040176
X
24.801381 121.022277
24.801501 121.020773
24.801681 121.016389
24.801801 121.008015
24.801773 121.004711
24.800999 120.997213
24.800523 120.995687
24.800225 120.993961
24.799629 120.991971
24.797961 120.987393
24.797366 120.986066
24.79558 120.983279
24.794627 120.980691
24.794031 120.97943
24.793554 120.977838
24.792959 120.976577
24.792243 120.972862
24.792004 120.970075
24.792004 120.968218
24.792836 120.961119
24.794146 120.95873
24.79474 120.956341
24.794382 120.953355
24.793905 120.951829
24.793189 120.948512
24.791998 120.944598
24.791282 120.941082
24.790923 120.938892
24.789612 120.935509
24.789373 120.93405
24.788001 120.930269
24.787346 120.929407
24.786572 120.927881
24.785975 120.925891
24.78526 120.924233
X
24.777974 121.172319
24.778414 121.171719
24.779129 121.170578
24.779789 121.169256
24.780615 121.167815
24.781938 121.164871
24.783645 121.161267
24.784417 121.159043
24.784858 121.158142
24.785518 121.156761
24.786511 121.153877
24.787557 121.151714
24.787999 121.150393
24.78844 121.149071
24.788827 121.147869
24.789931 121.144624
24.790757 121.142641
24.791365 121.140297
24.791643 121.138614
24.791976 121.13669
24.792145 121.134526
24.792316 121.13164
24.792216 121.127732
24.792217 121.127372
24.791838 121.125688
24.791843 121.123223
24.792181 121.119014
24.792519 121.114746
24.792359 121.112882
24.79258 121.111561
24.792423 121.108915
24.792426 121.107472
24.792871 121.104046
24.792929 121.102783
24.793314 121.101641
24.793214 121.097372
24.792835 121.095207
24.792511 121.092983
24.792404 121.0919
24.792026 121.089014
24.791757 121.086849
24.791648 121.086368
24.791599 121.083663
24.791713 121.081198
24.791609 121.078372
24.791012 121.075365
24.790687 121.073982
24.790253 121.071396
24.789845 121.067707
24.788343 121.056211
24.787627 121.054327
24.787054 121.052626
24.786672 121.051814
24.786219 121.050977
24.784834 121.048988
24.784261 121.048124
24.783855 121.047522
24.783568 121.047156
24.78321 121.046737
24.782923 121.046135
24.782732 121.045795
24.782446 121.045428
24.781995 121.04485
24.78183 121.044567
24.780829 121.042853
24.777904 121.038043
24.776245 121.035691
24.775754 121.034845
24.774879 121.033338
24.77322 121.030207
24.773124 121.030025
24.76799 121.018599
24.76441 121.012622
X
24.789845 121.067707
24.789715 121.066526
24.789319 121.062727
24.788986 121.060608
24.788819 121.059404
24.7887 121.058095
24.788533 121.056996
24.788415 121.056551
24.788367 121.056237
24.76441 121.012622
24.763758 121.011535
24.760929 121.006619
24.758099 121.003413
24.757416 121.00181
24.753806 120.995826
24.751561 120.991765
24.748828 120.988132
24.746681 120.985674
24.744632 120.983217
24.742486 120.981401
24.739557 120.977662
24.736795 120.973089
24.733263 120.967577
24.732768 120.967432
24.730779 120.964733
24.728742 120.961542
24.726566 120.957465
24.726291 120.956432
24.724795 120.953484
24.723936 120.952455
24.719917 120.945054
24.717632 120.940851
24.716879 120.939464
24.714527 120.936457
24.712536 120.933582
24.713314 120.934705
24.712536 120.933582
24.710781 120.9307
24.710312 120.929978
24.709333 120.929001
24.704033 120.922389
X
24.529926 120.924781
24.53361 120.92648
24.537917 120.928292
24.540616 120.929539
24.543198 120.930658
24.544384 120.931453
24.546361 120.932603
24.549075 120.934072
24.551738 120.935435
24.553319 120.936319
24.55577 120.937925
24.558468 120.9394
24.56153 120.941327
24.565731 120.94366
24.568224 120.945635
24.570559 120.947562
24.573621 120.949774
24.575386 120.951079
24.576714 120.95196
24.578707 120.95363
24.580823 120.955051
24.582562 120.955937
24.58426 120.957089
24.585921 120.958053
24.588723 120.960038
24.591629 120.961626
24.592837 120.962657
24.595364 120.964462
24.599315 120.967339
24.602059 120.968943
24.604549 120.970985
24.606781 120.97212
24.609064 120.973367
24.612515 120.975743
24.614875 120.977113
24.617574 120.979155
X
24.402937 120.835232
24.402195 120.834789
24.401172 120.834161
24.400501 120.833638
24.399796 120.83287
24.399028 120.831997
24.39811 120.830588
24.397886 120.829609
24.39779 120.8287
24.397947 120.827651
24.398106 120.826777
24.398136 120.825868
24.397881 120.825414
24.396836 120.824105
24.396017 120.823079
24.394729 120.821466
24.39423 120.82084
24.393976 120.820614
24.39343 120.820141
24.393143 120.819861
24.392785 120.819301
24.39265 120.819038
24.392639 120.819045
24.393047 120.818637
24.393526 120.81786
24.393863 120.817025
24.394378 120.816422
24.395088 120.816052
24.396065 120.815585
24.396616 120.815293
24.39738 120.814651
24.398446 120.814223
24.399423 120.813445
24.400666 120.812259
24.402157 120.810606
24.40253 120.810024
24.40299 120.808955
24.403096 120.808509
24.403167 120.80812
24.403344 120.807654
24.403397 120.807091
24.403325 120.806548
24.403289 120.806062
24.403413 120.805693
24.403714 120.805091
24.403773 120.8045
24.403773 120.804285
24.403723 120.804029
24.403686 120.803854
24.40371 120.803571
24.403818 120.8028
24.403746 120.802257
24.40378 120.801675
24.403868 120.800841
24.403903 120.800414
24.403832 120.800064
24.403656 120.798646
24.403284 120.797079
24.403097 120.795917
24.402865 120.794653
24.403511 120.793135
24.404428 120.79235
24.41016 120.780685
24.410625 120.779025
24.410966 120.77747
24.411235 120.775996
24.411258 120.77546
24.411184 120.774978
24.411012 120.774603
24.410643 120.774148
24.410176 120.773801
24.409783 120.773266
24.409217 120.772329
24.408455 120.771312
24.407743 120.770644
24.406563 120.769628
24.404918 120.768479
24.400697 120.765168
24.366115 120.743925
24.364601 120.743364
24.361298 120.742648
24.356871 120.741664
24.356871 120.741727
24.320253 120.737053
24.312689 120.736853
24.309761 120.736556
24.307663 120.735956
24.304615 120.735747
24.304101 120.735662
24.301608 120.735581
24.300025 120.735714
24.295119 120.73555
24.292224 120.735252
24.289233 120.734951
24.287312 120.734828
24.283723 120.734987
24.273662 120.73548
24.258743 120.735322
24.249425 120.734861
24.246324 120.73408
24.238765 120.732178
24.236311 120.731384
24.23162 120.729752
24.224798 120.727865
24.220755 120.726456
24.218715 120.725631
24.217731 120.725218
24.215764 120.724876
24.212814 120.724329
24.211133 120.72416
24.209738 120.724301
24.206916 120.724446
24.203887 120.724418
24.201826 120.72463
24.200463 120.724633
24.199178 120.724462
24.197211 120.724155
24.194673 120.723642
24.193531 120.723507
24.18917 120.723136
24.184944 120.723456
24.183517 120.723597
X
24.372731 120.653995
24.370245 120.651341
24.368588 120.649518
24.366845 120.647625
24.36608 120.646817
24.365294 120.645778
24.36455 120.644716
24.363758 120.643505
24.3627 120.642361
24.360596 120.639984
24.355115 120.634795
24.352674 120.632578
24.350255 120.630697
24.34596 120.627681
24.340833 120.62392
24.337113 120.620667
24.334077 120.617253
24.332594 120.61533
24.330897 120.613762
24.328272 120.612069
24.319846 120.608599
X
24.319871 120.608599
24.304908 120.602218
24.301114 120.600747
24.297041 120.598975
24.293241 120.596998
24.247732 120.567079
24.244756 120.565288
24.242372 120.563855
24.236967 120.559983
24.23301 120.557265
24.230605 120.555749
24.229169 120.55511
24.226298 120.554016
24.22402 120.553656
24.222922 120.553292
24.220642 120.552564
24.217941 120.55193
24.215999 120.550925
24.21372 120.550381
24.210765 120.549471
24.208317 120.548744
24.205362 120.548019
24.202155 120.547387
24.20055 120.546749
24.198693 120.546296
24.195064 120.545664
24.192699 120.544661
24.189577 120.544396
24.186709 120.544131
24.183839 120.543681
24.181223 120.543231
24.1792 120.543605
24.176922 120.543338
24.174328 120.543632
24.172325 120.543299
24.170006 120.542853
24.166039 120.542917
24.162581 120.542929
24.159713 120.543123
24.157267 120.54304
24.153977 120.543144
24.148916 120.54307
24.145627 120.543449
24.142253 120.543461
24.137278 120.543755
24.124206 120.544628
X
24.29272 120.602905
24.298156 120.606915
24.301693 120.610548
24.305655 120.61306
24.310049 120.615246
24.322136 120.621339
24.324711 120.623547
24.328905 120.627253
24.338832 120.63561
24.349945 120.645791
24.354584 120.650293
24.358706 120.654163
24.36474 120.659609
24.366141 120.661192
X
24.292578 120.602714
24.288707 120.59895
24.28568 120.596125
24.282508 120.593686
24.280042 120.591643
24.277792 120.589215
24.274347 120.585456
24.271319 120.582709
X
24.319572 120.741173
24.318657 120.74001
24.316558 120.737241
24.31541 120.735316
24.314785 120.733243
24.314043 120.730915
24.313381 120.72918
24.312757 120.727848
24.311453 120.725437
24.310051 120.722878
24.307853 120.719536
24.306024 120.717211
24.30419 120.714515
24.30228 120.71143
24.300782 120.708626
24.299431 120.706142
24.298277 120.703893
24.297804 120.702994
24.297448 120.701966
24.297093 120.700616
24.296586 120.698109
24.293465 120.686064
24.292505 120.682461
24.291859 120.679691
24.291585 120.678591
24.291143 120.677587
24.290404 120.676416
24.28741 120.67121
24.284195 120.66541
24.282391 120.662353
24.281642 120.660681
24.28054 120.658244
24.279745 120.655711
24.277448 120.64816
24.275861 120.644195
24.274433 120.640693
24.27329 120.637374
24.271786 120.632883
24.27028 120.627871
24.269315 120.623639
24.268588 120.619471
X
24.100809 120.545267
24.095923 120.544937
24.092404 120.545004
24.08899 120.544956
24.086049 120.545021
24.082424 120.545087
24.075227 120.544706
24.066402 120.5445
24.06304 120.544109
24.059836 120.544175
24.056579 120.544184
24.053375 120.544191
24.047179 120.544781
24.043083 120.545192
24.039777 120.545888
24.03605 120.546756
24.030225 120.548831
24.026973 120.550156
24.023985 120.551938
24.019271 120.556183
24.014349 120.561174
24.008744 120.566451
24.005601 120.569033
24.002877 120.571386
23.997795 120.575861
23.991033 120.580452
23.987522 120.583092
23.980705 120.587512
23.976773 120.589809
23.97305 120.591935
23.96665 120.594865
23.960197 120.597511
23.957415 120.598433
23.948808 120.600853
23.946579 120.601449
23.946579 120.601449
23.943757 120.601376
23.938558 120.601747
23.930022 120.603241
23.919629 120.604292
23.907942 120.604352
23.902885 120.604642
23.895688 120.604727
23.887352 120.604901
23.876662 120.604948
23.865824 120.604455
23.857628 120.604395
23.851635 120.603845
23.845938 120.604222
23.835477 120.605582
23.825096 120.607793
23.817133 120.609434
23.807178 120.611485
23.800212 120.613114
23.793312 120.614316
X
24.277164 120.929207
24.278302 120.931206
24.280727 120.93458
24.276931 120.928859
24.276577 120.928116
24.275451 120.926117
24.27458 120.92399
24.271994 120.917011
24.270536 120.914021
24.2694 120.911472
24.268473 120.909792
24.267563 120.908074
24.266107 120.904637
24.265283 120.902118
24.263678 120.897962
24.262283 120.89565
24.261372 120.893932
24.260523 120.892743
24.259916 120.891752
24.258824 120.890166
24.257247 120.888184
24.256551 120.887047
24.253582 120.882578
24.252151 120.881447
24.250392 120.879532
24.248578 120.877451
24.246693 120.876626
24.245117 120.876033
24.243449 120.874876
24.241296 120.873459
24.239598 120.872073
24.237927 120.870921
24.231818 120.868469
24.229595 120.867588
24.22856 120.867534
24.225629 120.866261
24.223683 120.864891
24.220803 120.862708
24.217516 120.86001
24.214131 120.856702
24.210889 120.854041
24.206198 120.851338
24.203694 120.849876
24.201209 120.848315
24.196663 120.845288
24.191044 120.842328
24.191147 120.842258
24.19004 120.840979
24.187733 120.837679
24.18658 120.835632
24.185729 120.833717
24.184878 120.831869
24.184089 120.829756
24.183481 120.828171
24.182724 120.826526
24.18263 120.826322
24.181085 120.823437
24.179725 120.821084
24.178254 120.818731
24.177116 120.81686
24.175647 120.81497
24.17419 120.813452
24.172371 120.812068
24.170188 120.811013
24.168521 120.810591
24.166673 120.810424
24.163763 120.810429
24.161521 120.810366
24.158733 120.810304
24.157097 120.810241
24.155824 120.809979
24.154732 120.809517
24.153701 120.808924
24.152609 120.807869
24.151577 120.806682
24.150606 120.805824
24.149696 120.805165
24.149639 120.805132
24.146564 120.804844
24.133552 120.800288
24.129979 120.798547
24.126727 120.798025
24.125872 120.797916
24.123381 120.797533
24.122111 120.797548
24.120292 120.797286
24.118922 120.797294
24.11749 120.797625
24.115226 120.797454
24.114868 120.797573
24.112078 120.798271
24.111324 120.798477
24.109628 120.799692
24.107141 120.801258
24.104842 120.802519
24.102732 120.803755
24.101224 120.804168
24.099734 120.804535
24.097066 120.804837
24.095623 120.80486
24.092889 120.805091
24.091032 120.805647
24.08893 120.805912
24.087045 120.806326
24.084499 120.806941
24.083472 120.8072
24.083406 120.80722
24.082369 120.807319
24.081087 120.807814
24.080267 120.808006
24.078995 120.808583
24.07792 120.808805
24.077194 120.809017
24.077091 120.808971
24.074837 120.808783
24.071847 120.808449
24.069876 120.808421
24.069376 120.808104
24.067706 120.807459
24.066603 120.807343
24.065528 120.807268
24.063057 120.806691
24.060765 120.806176
24.060039 120.806177
24.057983 120.806128
24.057398 120.80596
24.05076 120.805724
24.047893 120.805728
24.045291 120.806425
24.042085 120.806039
24.038917 120.805988
24.036276 120.805581
24.034937 120.805681
24.032957 120.805776
24.031222 120.805918
24.029233 120.805957
24.029214 120.805977
24.024443 120.806548
24.019606 120.806977
24.017174 120.807165
24.014053 120.807016
24.012629 120.806947
24.009516 120.806016
24.007072 120.805137
24.004534 120.803478
24.002375 120.802262
24.001472 120.801829
24.000782 120.801475
24.000341 120.801288
23.999785 120.801123
23.998807 120.80102
23.99875 120.80104
23.997849 120.800854
23.995932 120.800273
23.99411 120.799357
23.992231 120.798318
23.989891 120.796903
23.988705 120.796029
23.987652 120.794979
23.984607 120.792179
23.9824 120.79042
23.979595 120.7884
23.979296 120.78814
23.977685 120.787422
23.975715 120.786573
23.973448 120.786244
23.971153 120.786021
23.968483 120.785819
23.967363 120.785909
23.965681 120.785994
23.96461 120.786082
23.963094 120.786547
23.961755 120.78668
23.959727 120.786741
23.95746 120.787322
23.955843 120.787737
23.954537 120.788097
23.952747 120.787704
23.950947 120.786669
23.94783 120.784923
23.945259 120.783949
23.942722 120.783917
23.941237 120.784283
23.941231 120.784305
23.938666 120.78521
23.937925 120.785408
23.936578 120.785597
23.934744 120.785923
23.932521 120.785785
23.931036 120.785451
23.929701 120.785484
23.928166 120.785647
23.926718 120.785873
23.924888 120.786337
23.923587 120.786909
23.92256 120.787587
23.921972 120.787768
23.921049 120.787982
23.917191 120.789072
23.916336 120.789392
23.914952 120.789677
23.91421 120.789478
23.913194 120.789259
23.909084 120.788876
23.905915 120.788208
23.902144 120.787483
23.900371 120.787502
23.899474 120.787676
23.898584 120.78832
23.897217 120.789681
23.895866 120.791096
23.894301 120.79305
23.893296 120.794125
23.892198 120.796108
23.891667 120.796957
23.890909 120.797727
23.889716 120.798209
23.888262 120.798894
23.887964 120.799024
23.887009 120.799607
23.885578 120.800254
23.884146 120.800641
23.882416 120.800702
23.880686 120.800634
23.880522 120.800667
23.879851 120.800502
23.878813 120.800307
23.877791 120.800413
23.876192 120.8005
23.874939 120.800749
23.873421 120.801437
23.873244 120.801502
23.872239 120.801726
23.871188 120.801927
23.869093 120.802487
23.867757 120.803013
23.866755 120.803211
23.865449 120.803145
23.863536 120.803573
23.860439 120.804232
23.858618 120.804957
23.856978 120.80499
23.85385 120.805401
23.851178 120.805795
23.850206 120.805795
23.849113 120.806058
23.847595 120.806041
23.846137 120.806585
23.845166 120.807245
23.844014 120.8083
23.843164 120.80896
23.841949 120.809487
23.841191 120.810163
23.83931 120.811845
23.836429 120.815357
23.83461 120.817848
23.833337 120.819926
23.832033 120.82174
23.83079 120.823554
23.82815 120.825235
23.82645 120.826323
23.824476 120.826767
23.824416 120.826634
23.824416 120.826832
23.820771 120.826962
23.817431 120.826961
23.81579 120.826894
23.813239 120.826628
23.809837 120.826297
23.808743 120.826097
23.808743 120.826163
23.805826 120.824858
23.80303 120.823389
23.800477 120.821656
23.797741 120.819691
23.796039 120.818239
23.793362 120.814989
23.791231 120.811442
23.789528 120.808852
23.787794 120.806607
23.787764 120.806492
23.785786 120.804133
23.784144 120.802252
23.782594 120.801344
23.780527 120.800437
23.778309 120.79971
23.776031 120.799759
23.773237 120.799576
23.767831 120.799936
23.764278 120.799836
23.76121 120.799753
23.758234 120.800131
23.755683 120.800262
23.753254 120.800392
23.751705 120.800424
23.748365 120.801544
X
23.654785 120.583208
23.653292 120.58329
23.652358 120.583301
23.651075 120.582861
23.650229 120.582408
23.649486 120.582021
23.641777 120.578007
23.63927 120.577097
23.634399 120.575797
23.632182 120.575378
23.629481 120.57526
23.627446 120.575182
23.625801 120.575059
23.623688 120.575108
23.621769 120.574647
23.620242 120.574227
23.618557 120.573511
23.615656 120.571779
23.612643 120.570472
23.611969 120.570207
23.611313 120.569987
23.610289 120.569635
23.609224 120.569415
23.608118 120.56933
23.607344 120.569395
23.606185 120.569399
23.605447 120.569327
23.604753 120.569182
23.604298 120.568986
23.603637 120.568421
23.603159 120.567966
23.602463 120.567438
23.60152 120.566953
23.600331 120.566379
23.599676 120.566071
23.59861 120.565674
23.598405 120.565675
23.596931 120.565502
23.595579 120.565196
23.594809 120.564865
23.594759 120.564843
23.594186 120.564623
23.593247 120.563953
23.5921 120.563329
23.591372 120.563471
23.589964 120.564145
23.587779 120.564474
23.585933 120.564787
23.585011 120.565012
23.584344 120.564973
23.583394 120.56474
23.582917 120.564451
23.582546 120.564241
23.582263 120.563894
23.581991 120.562949
23.581037 120.561644
23.579878 120.561091
23.576838 120.56044
23.573353 120.560026
23.568924 120.558531
23.562893 120.556963
23.554399 120.557212
23.54229 120.556043
23.529645 120.553635
23.529417 120.553591
23.5281 120.553371
23.526999 120.553041
23.526383 120.552786
23.524946 120.552024
23.524343 120.551801
23.523643 120.551465
23.515476 120.548492
X
23.552677 120.425527
23.552796 120.42677
23.552924 120.427991
23.553057 120.429194
23.553196 120.430385
23.553336 120.431569
23.553478 120.43275
23.553619 120.433934
23.553757 120.435125
23.553891 120.436328
23.554018 120.437549
23.554137 120.438792
23.554193 120.439847
23.554285 120.440993
23.554407 120.442214
23.554554 120.443499
23.55472 120.444832
23.5549 120.4462
23.55509 120.44759
23.555282 120.448988
23.55545 120.450216
23.555627 120.451429
23.555809 120.452634
23.555994 120.453836
23.556176 120.455041
23.556353 120.456255
23.556521 120.457483
23.556697 120.458666
23.556812 120.459841
23.556889 120.461021
23.556948 120.462218
23.557011 120.463447
23.5571 120.46472
23.557255 120.466143
23.557438 120.467597
23.55762 120.469052
23.557775 120.470475
23.55699 120.461813
23.557805 120.462724
23.558602 120.463635
23.559392 120.464546
23.560182 120.465457
23.56098 120.466367
23.561795 120.467278
23.562745 120.468328
23.563571 120.469367
23.564275 120.470394
23.564855 120.471409
23.565312 120.472413
23.565646 120.473405
23.566079 120.474802
23.566512 120.476199
23.566945 120.477595
23.567378 120.478992
23.567906 120.4803
23.568435 120.481568
23.568962 120.482823
23.56949 120.484091
23.570019 120.485399
23.570392 120.48657
23.570766 120.487771
23.571139 120.488987
23.571513 120.490203
23.571886 120.491405
23.57226 120.492575
23.572768 120.493835
23.573276 120.495094
23.573784 120.496354
23.574292 120.497614
23.574797 120.498853
23.575274 120.500078
23.575715 120.501283
23.57611 120.502464
23.576452 120.503616
23.576733 120.504735
23.57716 120.505944
23.577563 120.50714
23.577946 120.508325
23.578312 120.509502
23.578666 120.510671
23.57901 120.511836
23.579349 120.512998
23.579686 120.514158
23.580053 120.515495
23.58042 120.516832
23.580787 120.518169
23.581154 120.519506
23.581521 120.520843
23.581723 120.521501
23.581927 120.522158
23.58213 120.522816
23.582459 120.524021
23.582787 120.525227
23.583116 120.526432
23.583444 120.527638
23.583773 120.528844
23.584101 120.530049
23.58443 120.531255
23.584758 120.53246
23.585087 120.533666
23.585417 120.53484
23.585734 120.536001
23.58604 120.537153
23.586339 120.5383
23.586637 120.539445
23.586935 120.540591
23.587241 120.541744
23.587558 120.542905
23.587888 120.544079
23.588173 120.54522
23.588467 120.54637
23.588769 120.547527
23.589077 120.548688
23.589389 120.549853
23.589701 120.551019
23.590013 120.552184
23.59032 120.553346
23.590623 120.554503
23.590833 120.555326
X
23.614727 120.632886
23.6152 120.633196
23.615647 120.633455
23.61623 120.633752
23.617157 120.634121
23.618324 120.634564
23.61956 120.635082
23.620727 120.635525
23.621928 120.635931
23.623266 120.6363
23.624297 120.636852
23.624575 120.637004
23.625791 120.637919
23.627386 120.639333
23.629209 120.640581
23.631025 120.641619
23.633009 120.642583
23.633289 120.642815
23.633616 120.643086
23.634429 120.643758
23.636517 120.6453
23.636624 120.645364
23.63711 120.645654
23.638098 120.646245
23.639557 120.64724
23.641897 120.648992
23.643416 120.650076
23.646036 120.652106
23.646058 120.652188
23.646588 120.652854
23.6473 120.65393
23.647692 120.654583
23.648048 120.655045
23.648545 120.655351
23.649041 120.655735
23.649667 120.65627
23.650517 120.657117
23.651301 120.657894
23.651404 120.65807
23.651495 120.658095
23.651854 120.658436
23.652401 120.658827
23.65284 120.659139
23.653101 120.659326
23.653008 120.659282
23.653783 120.66001
23.655024 120.66114
23.656125 120.662284
23.656247 120.662412
23.657143 120.663149
23.65916 120.66521
23.660729 120.66683
23.662074 120.66796
23.663014 120.669185
23.665578 120.672507
23.665597 120.672598
23.666591 120.67378
23.667506 120.675052
23.668486 120.676323
23.669337 120.677808
23.669861 120.678797
23.670261 120.679478
23.67064 120.680725
23.670828 120.681763
23.670922 120.682438
23.671445 120.683114
23.671872 120.683609
23.6719 120.683796
23.672285 120.683978
23.672284 120.68402
23.672341 120.68402
23.672285 120.683978
23.672376 120.68402
23.672341 120.68402
23.67262 120.684231
23.674498 120.686416
23.676428 120.688676
23.678558 120.690937
23.680821 120.693343
23.682353 120.694222
23.685285 120.695688
23.687885 120.696716
23.689952 120.697088
23.693487 120.697685
23.696021 120.698277
23.697222 120.698137
23.698688 120.698797
23.700155 120.699312
23.701555 120.699827
23.702288 120.699976
23.703821 120.700854
23.704553 120.701584
23.705351 120.702677
23.706151 120.703117
23.707218 120.703412
23.707684 120.703922
23.708948 120.705381
23.709748 120.705748
23.710548 120.705679
23.711885 120.704595
23.712955 120.703655
23.714023 120.703079
23.715424 120.70323
23.716225 120.703088
23.717006 120.703029
23.717326 120.702953
23.717825 120.702938
23.718719 120.70284
23.719746 120.702595
X
23.610706 120.64193
23.610625 120.641358
23.610307 120.639356
23.610185 120.63836
23.609382 120.636215
23.609161 120.635504
23.60879 120.635083
23.608531 120.634904
23.608334 120.634751
23.60783 120.634273
23.607599 120.634017
23.607415 120.633768
23.607254 120.633461
23.607072 120.633046
23.607098 120.633123
23.607072 120.633046
23.606865 120.632428
23.606384 120.631021
23.605766 120.629557
23.605327 120.62864
23.604957 120.628123
23.604492 120.627665
23.603836 120.627119
23.602974 120.626455
23.60229 120.625835
23.601811 120.625051
23.601632 120.62437
23.601533 120.623319
23.601503 120.623079
23.601436 120.622549
23.601411 120.622155
23.601408 120.622105
23.601256 120.621543
23.600995 120.620921
23.600584 120.620241
23.599872 120.619355
23.599352 120.61872
23.598831 120.617655
23.59846 120.616575
23.598267 120.615746
23.598115 120.614754
23.59788 120.613792
23.597577 120.612831
23.59722 120.611928
23.596864 120.611278
23.59633 120.610702
23.595715 120.610289
23.59469 120.60964
23.593896 120.609021
23.593418 120.608637
23.592488 120.607885
23.592159 120.60759
23.591708 120.607087
23.591134 120.606749
23.590519 120.606425
23.589945 120.606101
23.589289 120.605925
23.588347 120.605794
23.587965 120.605692
23.587555 120.605515
23.58724 120.605265
23.586912 120.605029
23.586625 120.604793
23.586009 120.604321
23.585408 120.603923
23.585025 120.603657
23.584642 120.603422
23.583712 120.602683
23.583302 120.602433
23.582427 120.601784
23.581593 120.601164
23.580977 120.600544
23.580662 120.600145
23.580223 120.599406
23.580031 120.599081
23.579854 120.598904
23.579443 120.598432
23.579443 120.598432
23.578293 120.596925
23.577128 120.594989
23.576594 120.594131
23.5761 120.59323
23.575688 120.592343
23.575304 120.591455
23.574933 120.590835
23.57455 120.590288
23.574276 120.590037
23.573852 120.589728
23.573305 120.589344
23.572376 120.589007
23.571461 120.588699
23.570887 120.588464
23.570381 120.588154
23.569917 120.587889
23.569343 120.587595
23.56896 120.587285
23.568399 120.586932
23.56803 120.586725
23.56721 120.586402
23.566759 120.586167
23.566513 120.585975
23.565816 120.585444
23.56546 120.585209
23.564859 120.584914
23.563957 120.584561
23.562645 120.584003
23.561566 120.583562
23.560664 120.583269
23.559353 120.582873
23.558411 120.582669
23.557742 120.582612
23.556732 120.582615
23.555886 120.582573
23.555258 120.582501
23.554793 120.58237
23.55411 120.582046
23.55344 120.581604
23.552141 120.580838
23.550925 120.580117
23.5502 120.57972
23.54975 120.579588
23.549476 120.5795
23.549053 120.579368
23.548247 120.579252
23.54762 120.579313
23.546883 120.579411
23.545138 120.57995
23.543012 120.581082
23.540777 120.582569
23.538354 120.584351
23.535844 120.587556
23.534469 120.589536
23.533661 120.590717
23.533477 120.590987
23.532863 120.591581
23.532342 120.592086
23.532091 120.592773
23.531461 120.593918
23.53041 120.595639
23.529914 120.59654
23.529476 120.597444
23.529109 120.598309
23.528358 120.600236
23.52754 120.602018
23.526357 120.604415
23.525078 120.606906
23.5247 120.607222
23.524686 120.607234
23.523635 120.60657
23.522512 120.606024
23.521172 120.605558
23.520086 120.605286
23.518892 120.605093
23.518132 120.604938
23.517009 120.60451
23.516538 120.604354
23.514513 120.604557
23.51303 120.604679
23.511474 120.604527
23.509375 120.604062
23.506586 120.602776
23.505698 120.602389
23.504767 120.601974
23.503496 120.601781
23.502759 120.601754
23.502225 120.601735
23.500184 120.601889
23.49905 120.601917
23.498346 120.60182
23.49796 120.601618
X
23.379654 120.464967
23.376958 120.463982
23.375292 120.463359
23.374018 120.462945
23.372008 120.461902
23.369607 120.461021
23.367696 120.460401
23.362943 120.458538
23.360932 120.457767
23.360477 120.457428
23.35974 120.457089
23.358955 120.456792
23.35792 120.456207
23.357362 120.455963
23.356667 120.455775
23.355821 120.455573
23.354984 120.455228
23.354568 120.455086
23.353456 120.454347
23.35239 120.454079
23.351929 120.453803
23.351136 120.453419
23.350339 120.452959
23.349781 120.452672
23.34922 120.452274
23.348706 120.451891
23.347998 120.451457
23.347351 120.450949
23.346235 120.450172
23.345492 120.449528
23.345116 120.449208
23.343687 120.448582
23.342483 120.448245
23.341201 120.447888
23.340468 120.4476
23.338693 120.447022
23.336633 120.446358
23.335268 120.445525
23.334585 120.445109
23.33351 120.444348
23.333085 120.444185
23.33267 120.444058
23.331842 120.443891
23.331671 120.44389
23.331415 120.443975
23.330876 120.444087
23.330226 120.444239
23.329024 120.444437
23.327448 120.444614
23.325893 120.444693
23.324325 120.444229
23.321875 120.443136
23.31962 120.442043
X
23.316975 120.437693
23.316329 120.436701
23.315866 120.43556
23.315311 120.43442
23.314756 120.433428
23.313465 120.431794
23.312543 120.430655
23.311944 120.429862
23.31102 120.428326
23.31042 120.427335
23.309589 120.426195
23.308574 120.424758
23.307605 120.423222
23.306727 120.421686
23.305803 120.419702
23.304878 120.418016
23.304048 120.416828
23.303354 120.415489
23.302246 120.413755
23.301277 120.412268
23.300262 120.410981
23.299495 120.410076
23.299484 120.41006
23.298898 120.409358
23.298312 120.408655
23.297726 120.407952
23.29714 120.407249
23.296554 120.406547
23.295968 120.405844
23.295382 120.405141
23.294795 120.404439
23.294209 120.403736
23.293494 120.403114
23.292159 120.401924
23.291421 120.40118
23.290772 120.400493
23.289602 120.399408
23.288976 120.398843
23.288191 120.398311
23.287626 120.397803
23.286811 120.397134
23.285838 120.396714
23.285053 120.396182
23.284153 120.395878
23.283316 120.395339
23.282264 120.395086
23.281452 120.394966
23.280552 120.394662
23.279547 120.394354
23.278542 120.394047
23.277537 120.393739
23.276532 120.393432
23.275707 120.392886
23.274881 120.392339
23.274055 120.391792
23.273181 120.391217
23.272308 120.390641
23.271434 120.390066
23.27056 120.38949
23.269686 120.388914
23.268638 120.388461
23.267589 120.388007
23.266541 120.387553
23.265492 120.3871
23.264578 120.386722
23.263664 120.386345
23.262749 120.385968
23.261835 120.38559
23.260921 120.385212
23.260096 120.384819
23.259271 120.384425
23.258446 120.384032
23.25762 120.383638
23.256795 120.383244
23.25597 120.382851
23.255084 120.382176
23.254198 120.381502
23.253312 120.380827
23.252426 120.380153
23.251472 120.379662
23.250518 120.379172
23.249563 120.378681
23.248609 120.37819
23.247429 120.377731
23.246249 120.377272
23.245069 120.376813
23.244312 120.376329
23.243555 120.375845
23.242798 120.375361
23.242042 120.374877
23.241285 120.374393
23.240528 120.373909
23.239771 120.373426
23.23894 120.372927
23.23811 120.372428
23.237279 120.371929
23.236449 120.37143
23.235618 120.370931
23.234788 120.370432
23.233957 120.369932
23.232811 120.369375
23.231665 120.368819
23.230519 120.368262
23.229488 120.367817
23.228457 120.367373
23.227425 120.366929
23.226394 120.366484
23.225501 120.366261
23.224608 120.366038
23.223715 120.365814
23.222822 120.365591
23.221929 120.365368
23.22095 120.365308
23.219972 120.365249
23.218994 120.365189
23.218016 120.36513
23.217089 120.365153
23.216163 120.365175
23.215236 120.365198
23.21431 120.365221
23.213383 120.365244
23.212457 120.365266
23.211531 120.365289
23.210604 120.365312
23.20946 120.365318
23.208317 120.365323
23.207173 120.365327
23.20624 120.365191
23.205307 120.365055
23.204374 120.364919
23.203442 120.364783
23.202509 120.364647
23.201576 120.364511
X
23.524686 120.607234
23.522512 120.606024
23.521172 120.605558
23.520086 120.605286
23.518132 120.604938
23.516538 120.604354
23.513896 120.604608
23.512341 120.604612
23.511474 120.604527
23.510268 120.60426
23.509375 120.604062
23.508667 120.603736
23.507296 120.603104
23.505698 120.602389
23.504767 120.601974
23.502759 120.601754
23.500184 120.601889
23.498706 120.60187
23.497506 120.60138
23.496098 120.600991
23.49519 120.600846
23.492796 120.600613
23.490975 120.600509
23.488749 120.600378
23.487105 120.600438
23.485739 120.600359
23.483362 120.600449
23.481363 120.600181
23.478934 120.600024
23.478175 120.599971
23.477214 120.599947
23.475899 120.599896
23.474304 120.599572
23.473282 120.599341
23.472128 120.59914
23.471317 120.598731
23.470431 120.598268
23.469558 120.597899
23.469013 120.597668
23.467983 120.597232
23.466729 120.596762
23.465536 120.5967
23.463982 120.597179
23.461794 120.597939
23.459439 120.598779
23.457118 120.599754
23.4556 120.600272
23.453377 120.601172
23.450671 120.602121
23.448759 120.602756
23.446826 120.603671
23.446268 120.603987
23.445271 120.605178
23.444498 120.605822
23.443543 120.606489
23.442749 120.606887
23.442222 120.606982
23.441609 120.607007
23.440878 120.606975
23.439965 120.606836
23.439404 120.606712
23.43893 120.606533
23.438621 120.606416
23.438148 120.60616
23.437577 120.605853
23.437301 120.605619
23.437577 120.605853
X
23.319257 120.515475
23.320453 120.515575
23.321819 120.515571
23.323047 120.515502
23.324393 120.515433
23.326273 120.515426
23.327758 120.515377
23.32857 120.515396
23.329184 120.515522
23.329878 120.515756
23.330433 120.516054
23.331128 120.516651
23.332021 120.517527
23.333391 120.519001
23.334146 120.519835
23.334921 120.520625
23.335616 120.521459
23.336284 120.52228
23.337505 120.523299
23.338747 120.524273
23.339758 120.525179
23.340873 120.526017
23.341428 120.526346
23.341862 120.526604
23.342977 120.527283
23.34407 120.527779
23.34508 120.528276
23.3463 120.528953
23.347814 120.529949
23.348278 120.530424
23.351055 120.532416
23.352237 120.534322
23.353757 120.537136
23.354351 120.539499
23.355901 120.54266
23.356025 120.543251
23.356621 120.545474
23.356874 120.546537
23.357289 120.547792
23.357577 120.548701
23.358601 120.550573
23.359283 120.551944
23.360486 120.553952
23.361866 120.555862
23.363693 120.557946
23.365036 120.559141
23.367093 120.560508
23.36831 120.561297
23.370027 120.562278
23.371047 120.562758
23.37287 120.563448
23.373382 120.563697
23.374767 120.564208
23.376629 120.565372
23.377885 120.566304
23.378492 120.567052
23.379489 120.568032
23.379918 120.568247
23.381437 120.569009
23.383126 120.570081
23.385249 120.571854
23.387631 120.573579
23.388558 120.574442
23.389885 120.575679
23.39218 120.577592
23.394345 120.578943
23.396726 120.5802
23.398414 120.58099
23.400147 120.582296
23.401316 120.583137
23.402832 120.584022
23.404433 120.584579
23.40599 120.585136
23.407549 120.58588
23.409324 120.587046
23.41019 120.587511
23.411487 120.587694
23.412871 120.587784
23.414168 120.588014
23.414991 120.58848
23.415857 120.58932
23.417329 120.590112
23.418499 120.590904
23.420274 120.591884
23.4214 120.592817
23.422526 120.593516
23.423911 120.594261
23.425815 120.594911
23.427199 120.595282
23.428324 120.595653
23.428886 120.595932
23.429665 120.596632
23.430749 120.597894
23.431486 120.598407
23.432524 120.598825
23.433867 120.599711
23.434691 120.600927
23.435474 120.602752
23.436256 120.604248
23.436623 120.604694
23.437577 120.605853
X
23.063396 120.351235
23.062204 120.343797
23.059566 120.338115
23.057686 120.334008
23.057333 120.333235
23.056386 120.331269
23.056238 120.329518
23.055897 120.328498
23.055756 120.327477
23.054597 120.323979
23.053506 120.320773
23.053296 120.31946
23.05308 120.317418
23.05279 120.314646
23.052543 120.309102
23.052584 120.306183
23.052371 120.304651
23.051486 120.302174
23.050737 120.300061
X
23.030278 120.260327
23.025917 120.257007
23.022999 120.255376
23.019107 120.252853
23.015355 120.250777
23.013059 120.249893
23.006955 120.248924
23.004832 120.248578
23.002709 120.248232
23.000984 120.247883
22.998729 120.24768
22.996773 120.247584
22.994816 120.247452
22.992827 120.247284
22.990274 120.247155
22.988384 120.247022
22.985433 120.246824
22.980591 120.24617
22.977407 120.245901
22.974554 120.245416
22.971235 120.244361
22.968248 120.243626
22.964298 120.242501
22.961974 120.241763
22.959352 120.240847
22.957592 120.24032
22.953609 120.238911
22.951087 120.238209
22.947832 120.236902
22.946602 120.236193
22.945338 120.235341
22.944207 120.234453
22.94251 120.233138
22.940411 120.231003
22.938444 120.228616
22.936762 120.223615
22.936479 120.220038
22.93633 120.216532
X
23.089518 120.378958
23.088473 120.379214
23.087429 120.379471
23.086384 120.379727
23.08545 120.380252
23.084516 120.380776
23.083581 120.3813
23.082819 120.381974
23.082057 120.382649
23.081295 120.383323
23.080565 120.384081
23.079834 120.384839
23.079104 120.385597
23.078264 120.386355
23.077424 120.387114
23.076585 120.387872
23.075745 120.388631
X
23.060323 120.40861
23.059612 120.409707
23.058924 120.410804
23.058213 120.4119
23.057407 120.412923
23.0566 120.413946
23.055793 120.414969
23.055174 120.415695
23.054556 120.41642
23.053937 120.417146
23.053319 120.417871
23.0527 120.418597
23.052082 120.419321
23.051392 120.420125
23.050701 120.420929
23.050011 120.421732
23.04932 120.422536
23.04863 120.42334
23.047839 120.424177
23.047049 120.425015
23.046259 120.425852
23.045538 120.426763
23.044816 120.427674
23.044095 120.428586
23.043309 120.429312
23.042522 120.430038
23.041736 120.430764
23.040949 120.43149
X
23.040897 120.431435
23.037546 120.435006
23.035175 120.437796
23.032237 120.440977
23.029455 120.44438
23.024453 120.449403
23.022443 120.451802
23.019969 120.454647
23.015225 120.459836
23.011823 120.463741
X
22.876881 120.338655
22.874542 120.336586
22.873443 120.335997
22.871517 120.334223
22.87083 120.333929
22.86918 120.332748
22.868355 120.332157
22.866156 120.330978
22.864729 120.330591
22.863159 120.330006
22.861433 120.329677
22.858843 120.329013
22.856881 120.328515
22.854448 120.327935
22.852643 120.327605
22.851152 120.327359
22.849661 120.326943
22.84817 120.326611
22.846679 120.326281
22.84511 120.326035
22.842835 120.325623
22.839933 120.325384
22.837266 120.325143
22.834913 120.324817
22.8332 120.324844
22.829905 120.324704
22.827433 120.324118
22.824963 120.324125
22.822077 120.322948
22.82043 120.322804
22.817271 120.321924
22.814799 120.321339
22.8137 120.321193
22.811778 120.320753
22.809718 120.320463
22.807246 120.319729
X
22.902275 120.486924
22.899404 120.485108
22.89683 120.48343
22.893509 120.481784
22.889354 120.480031
22.887873 120.479689
22.887166 120.479406
22.886476 120.479088
22.885659 120.478433
22.885271 120.478089
22.884595 120.477613
22.884007 120.477199
22.883538 120.476807
22.883003 120.476342
22.882695 120.475805
22.882547 120.475024
22.882284 120.474119
22.881993 120.473651
22.88176 120.473152
22.881556 120.472777
22.881381 120.472434
22.881183 120.471956
22.88076 120.4712
22.880461 120.470746
22.880073 120.470517
22.879685 120.470477
22.878594 120.470569
22.87761 120.470854
22.876655 120.471108
22.876047 120.471266
22.875559 120.471493
22.875035 120.471614
22.874629 120.471647
22.873993 120.471774
22.873819 120.471775
22.873529 120.471808
22.873199 120.471903
22.873048 120.471806
22.872486 120.471562
22.872109 120.471469
22.871616 120.471315
22.871181 120.47116
22.870328 120.470973
22.869615 120.470541
22.868483 120.469858
22.867815 120.469517
22.867176 120.469019
22.866531 120.468142
22.8661 120.467617
22.86578 120.467118
22.86546 120.466807
22.865053 120.466496
22.864734 120.466185
22.864414 120.465904
22.86421 120.465593
22.863949 120.465312
22.863571 120.465064
22.863223 120.464815
22.862807 120.464583
22.862612 120.464395
22.862284 120.464056
22.861888 120.463656
22.861363 120.463166
22.860637 120.462419
22.859946 120.46172
22.85898 120.460799
22.858166 120.45974
22.857352 120.458962
22.856654 120.458152
22.855985 120.457498
22.855026 120.456439
22.853572 120.454914
22.852729 120.453979
22.851937 120.453177
22.851616 120.452754
22.851409 120.452214
22.850918 120.45154
22.85011 120.450804
22.849153 120.449971
22.848465 120.449331
22.847627 120.448594
22.846909 120.447921
22.846192 120.447281
22.845682 120.446575
22.845203 120.445869
22.844842 120.445227
22.844513 120.444682
22.844302 120.444071
22.844121 120.443493
22.843611 120.442723
22.843071 120.441857
22.842293 120.441056
22.841095 120.439613
22.840137 120.438427
22.839478 120.437561
22.838461 120.436696
22.837413 120.435543
22.836635 120.434612
22.836096 120.434003
22.83535 120.433588
22.835051 120.433396
22.834632 120.433012
22.833943 120.432114
22.832865 120.430703
22.831907 120.429774
22.831332 120.429408
22.830762 120.429076
22.829569 120.428077
22.828679 120.427665
22.827932 120.427089
22.827214 120.426513
22.825628 120.424944
22.8247 120.423983
22.824191 120.423535
22.823802 120.423182
22.823174 120.422574
22.822785 120.42219
22.822247 120.421709
22.821767 120.421068
22.821318 120.420652
22.820899 120.420203
22.820538 120.419772
22.819553 120.418955
22.817998 120.417707
22.816323 120.416331
22.814827 120.414889
22.814051 120.414108
22.812375 120.412938
22.81103 120.411882
22.809714 120.41102
22.809266 120.410636
22.808966 120.410347
22.808189 120.409868
22.807794 120.409278
22.807461 120.408824
22.807212 120.408564
22.806778 120.408197
22.806397 120.407859
22.805881 120.407558
22.805167 120.40729
22.804654 120.407448
22.804077 120.407589
22.803571 120.40765
22.802984 120.407652
22.802146 120.407596
22.80128 120.40757
22.800581 120.407542
22.800078 120.407575
22.799101 120.407609
22.797761 120.407947
22.79614 120.407892
22.793708 120.407572
22.791248 120.407191
22.789822 120.406865
22.788199 120.40639
22.786996 120.405883
22.78579 120.404804
22.784752 120.403513
22.784302 120.402671
22.783739 120.401649
22.783317 120.400837
22.782812 120.400267
22.782419 120.399847
22.781967 120.39921
22.781552 120.39859
22.781211 120.398044
22.780705 120.397323
22.780395 120.396752
22.779917 120.395971
22.779636 120.39537
22.779327 120.394919
22.779157 120.394408
22.77896 120.394077
22.778652 120.393506
22.778287 120.393116
22.777922 120.392575
22.777613 120.392245
22.777246 120.391613
22.776931 120.391142
22.776612 120.390715
22.77534 120.389663
22.77433 120.388613
22.773769 120.387983
22.773656 120.387772
22.773039 120.387173
22.772197 120.386122
22.771468 120.385432
22.767294 120.38283
22.76217 120.380021
22.759314 120.378377
22.751923 120.372532
22.75105 120.371308
22.749466 120.368507
22.748155 120.366524
22.745048 120.362795
22.742759 120.360407
22.739898 120.357891
22.738412 120.356633
22.736702 120.355105
22.734333 120.353407
22.731438 120.352177
22.729172 120.351405
22.722598 120.349419
X
23.123344 120.711979
23.120832 120.70976
23.11985 120.708961
23.118719 120.70804
23.117059 120.706465
23.115279 120.704564
23.113491 120.702529
23.111228 120.699371
23.1084 120.696715
23.106653 120.695388
23.104391 120.693119
23.101257 120.690852
23.097608 120.687699
23.093997 120.685401
23.090701 120.683382
23.084474 120.678999
23.076368 120.673618
23.072053 120.670801
23.067189 120.668426
23.063367 120.666274
23.059288 120.664287
23.057904 120.663675
23.057055 120.663299
23.056086 120.662944
23.051108 120.661536
23.046641 120.659773
23.043484 120.658512
23.042085 120.658002
23.04071 120.657628
23.038766 120.657197
23.035148 120.656533
23.031549 120.655811
23.029898 120.655266
23.027696 120.654723
23.025428 120.654199
23.023485 120.653687
23.023421 120.65367
23.023499 120.653681
23.021205 120.652068
23.020332 120.651473
23.018403 120.650318
23.017878 120.650003
23.015704 120.648986
23.01339 120.648236
23.01035 120.647327
23.009184 120.646961
23.00839 120.646688
23.007803 120.646579
23.006393 120.646274
23.005722 120.646165
23.004714 120.646024
23.003453 120.645892
23.003039 120.645833
23.002641 120.645804
23.002252 120.645666
23.001654 120.645451
23.000607 120.645082
23.000162 120.644936
22.999965 120.644803
22.999448 120.644447
22.99881 120.644
22.998344 120.643669
22.997125 120.642908
22.996778 120.642697
22.996355 120.642438
22.996039 120.642342
22.995521 120.642218
22.994585 120.6419
22.99426 120.641772
22.994171 120.641768
22.994072 120.641754
22.993974 120.641759
22.993667 120.641792
22.990926 120.641776
22.987904 120.641999
22.983967 120.642525
22.981144 120.643434
22.977449 120.645377
22.975185 120.6465
22.973078 120.647107
22.97109 120.647671
22.969698 120.648019
22.968784 120.648257
22.966596 120.648306
22.965323 120.648351
22.962737 120.648229
22.959515 120.648152
22.952671 120.647461
22.950006 120.647382
22.948733 120.647385
22.947221 120.647346
22.945948 120.647435
22.936244 120.648212
22.936134 120.648213
22.936134 120.64822
22.926458 120.64833
22.921735 120.647512
22.910074 120.646102
22.905147 120.645339
22.896849 120.643673
22.885217 120.642285
22.882089 120.641688
22.876563 120.639155
22.872358 120.6373
22.868129 120.635605
22.863423 120.63421
22.859411 120.632663
22.854132 120.630469
22.849037 120.628404
22.847257 120.627929
22.844983 120.627615
22.842907 120.627513
22.8392 120.627417
22.835011 120.627452
22.831724 120.627461
22.828997 120.627296
22.824075 120.627309
22.820706 120.626886
22.818061 120.626893
22.814694 120.627075
22.811648 120.627603
22.808043 120.62839
22.805156 120.628398
22.80211 120.628406
22.795807 120.628164
22.793 120.627567
22.788829 120.626713
22.785702 120.626722
22.783457 120.626728
22.779449 120.626834
22.777045 120.627446
22.773919 120.627713
22.771033 120.628067
22.767747 120.628508
22.76454 120.628258
22.764131 120.628163
22.762776 120.628207
22.759575 120.628216
22.737173 120.628276
22.732878 120.628378
22.729426 120.628842
22.725048 120.62967
22.720914 120.630622
22.719829 120.630683
22.718566 120.630686
22.716986 120.630719
22.707168 120.628844
22.703314 120.626608
22.699382 120.624977
22.696813 120.623774
22.690761 120.620681
22.68514 120.61698
22.680483 120.614315
22.677353 120.612942
22.674013 120.610964
22.670001 120.609507
22.667514 120.608736
22.662826 120.606589
22.658896 120.605996
22.655204 120.604452
22.652475 120.603164
22.646216 120.601195
22.643452 120.600673
22.641008 120.600135
22.639323 120.599959
22.637975 120.599963
22.63587 120.600151
22.633093 120.600793
22.628716 120.601895
22.625013 120.602994
22.620889 120.604276
22.618281 120.605463
22.609299 120.608481
22.602936 120.610635
22.600321 120.611454
22.596631 120.612334
22.592247 120.613123
22.587743 120.613977
22.58546 120.614243
22.577109 120.614395
22.570681 120.614672
22.562812 120.615146
22.551576 120.614854
22.543223 120.61423
22.532228 120.61426
22.521173 120.614292
22.509817 120.614
22.501224 120.613636
22.495154 120.613006
22.492028 120.612433
22.487819 120.610893
22.482289 120.60968
22.479765 120.609428
22.474657 120.608925
22.471893 120.608739
22.467747 120.608622
22.461919 120.608767
22.450505 120.609381
22.443117 120.610048
22.440114 120.610638
22.436629 120.6111
22.432124 120.611566
22.42936 120.611573
22.427437 120.611449
22.425334 120.611261
22.421608 120.610496
22.419023 120.610051
22.416921 120.610121
22.412414 120.610134
22.405145 120.610477
22.391245 120.610678
22.386986 120.610524
22.381414 120.611788
22.377855 120.612631
22.372329 120.613561
22.36443 120.614042
22.355277 120.613818
22.352381 120.614199
22.330492 120.617249
X
22.692903 120.633611
22.68934 120.632952
22.683843 120.63255
22.679043 120.632396
22.676102 120.632988
22.671192 120.632249
22.666777 120.63126
22.663679 120.630435
22.661172 120.630608
22.6542 120.628875
22.649786 120.628386
22.645991 120.627563
22.638756 120.625997
22.633413 120.625345
22.628999 120.625023
22.626521 120.624863
22.621211 120.62496
22.619483 120.624706
X
22.094387 120.716582
22.090108 120.717937
22.081722 120.722704
22.069207 120.728332
22.065722 120.729328
22.058962 120.731676
22.053271 120.734153
22.025257 120.744658
22.012672 120.749377
21.996036 120.75469
21.987208 120.756256
21.985103 120.756288
21.98011 120.756383
21.977131 120.756993
21.970309 120.758491
21.963633 120.760615
21.959044 120.762821
X
24.028937 121.631731
24.028263 121.631047
24.017423 121.622312
24.01128 121.617942
24.006396 121.615354
24.001606 121.613143
23.99495 121.610652
23.990095 121.609769
23.981734 121.609729
23.972242 121.610298
23.967383 121.610399
23.96421 121.61036
X
23.942512 121.610612
23.930862 121.603671
23.924661 121.598894
23.918512 121.59465
23.910186 121.588678
23.902133 121.582884
23.897345 121.579183
23.893974 121.576171
23.890712 121.572893
23.888703 121.570095
23.887457 121.567775
23.884849 121.564857
23.882621 121.562355
23.876964 121.557405
23.873317 121.554808
23.868695 121.550398
23.862981 121.546221
23.860532 121.544371
23.857428 121.542637
23.853997 121.540665
23.848447 121.536193
23.843985 121.532616
23.838539 121.529508
23.8344 121.527593
23.82993 121.5263
23.825949 121.525573
23.822296 121.524668
23.819678 121.524361
23.814551 121.523688
23.809971 121.522662
23.804302 121.520978
23.795037 121.51768
23.790348 121.516357
23.78697 121.514801
23.782291 121.511166
23.779137 121.507655
23.777453 121.505426
23.775822 121.503641
23.773809 121.501676
23.771033 121.49965
23.769127 121.498456
23.765747 121.497258
23.762368 121.496119
23.758531 121.494681
23.754119 121.49259
23.748778 121.490554
23.74785 121.490432
23.745506 121.48983
23.742836 121.488694
23.739945 121.488387
23.735253 121.488133
23.727667 121.488578
23.718859 121.488783
23.713621 121.488822
23.709149 121.487917
23.706968 121.487257
23.702827 121.485286
23.699885 121.48403
23.698576 121.483848
23.696176 121.483484
23.694213 121.483002
23.688065 121.48064
23.684197 121.478611
23.679948 121.476166
23.675539 121.473129
23.671293 121.4695
23.667699 121.467058
23.662765 121.463722
23.659715 121.461816
23.656556 121.45985
23.655173 121.459045
23.65387 121.458387
23.653834 121.458371
23.651665 121.457399
23.649743 121.456371
23.649511 121.456248
23.646105 121.454384
X
23.646004 121.454329
23.643579 121.452845
23.640095 121.450049
23.637919 121.447613
23.636017 121.444882
23.63308 121.441674
23.631502 121.439774
23.628999 121.437574
23.625187 121.435074
23.623226 121.433823
23.621039 121.4314
23.619186 121.430447
23.616898 121.429196
23.614664 121.427708
23.61122 121.426276
23.608223 121.424371
23.604304 121.420746
23.602183 121.41843
23.600117 121.41564
23.598381 121.411964
23.595282 121.407306
23.592999 121.403983
23.591748 121.402499
23.590931 121.401846
23.58957 121.401072
23.587879 121.40083
23.583949 121.400936
23.580349 121.400629
23.575821 121.400201
23.570148 121.399178
23.564641 121.397385
23.557392 121.394344
23.552976 121.392437
23.549052 121.39062
23.545018 121.389128
23.543381 121.388709
23.540871 121.388702
23.536669 121.389104
23.529682 121.389793
23.524388 121.390251
23.516965 121.391118
23.511506 121.392048
23.507575 121.392746
23.503915 121.394215
23.500633 121.397459
23.497132 121.400821
23.495285 121.40194
23.492827 121.402997
23.489877 121.403817
23.486056 121.404278
23.483546 121.40427
23.480655 121.403788
23.479457 121.40343
23.475257 121.402352
23.471604 121.401454
23.468713 121.400971
23.465605 121.400075
23.463323 121.399621
23.461078 121.399174
23.458547 121.398526
23.45617 121.397918
23.454348 121.397557
X
23.599124 121.529923
23.599068 121.529825
23.59807 121.528371
23.597363 121.527326
23.597236 121.527093
23.596741 121.52619
23.596284 121.525327
23.596078 121.524511
23.595706 121.523376
23.595208 121.522559
23.594375 121.521649
23.593042 121.520737
23.591375 121.519507
23.589958 121.518731
23.588582 121.51791
23.58845 121.517797
23.587487 121.516928
23.58671 121.516
23.58617 121.515091
23.58538 121.513865
23.58461 121.513069
23.584236 121.512478
23.583654 121.511796
23.583113 121.51116
23.582446 121.510613
23.581738 121.510112
23.580737 121.509701
23.579986 121.509471
23.57888 121.509173
23.578255 121.508853
23.57742 121.508532
23.576878 121.508394
23.576168 121.508255
23.575375 121.508161
23.574374 121.507704
23.57354 121.507203
23.57304 121.506793
23.572082 121.506019
23.57175 121.505565
23.571501 121.504839
23.571296 121.503796
23.571133 121.502527
23.570928 121.501212
23.570681 121.500214
23.570432 121.499669
23.570101 121.498716
23.569811 121.49799
23.569312 121.497354
23.568835 121.496559
23.568503 121.495924
23.56817 121.495334
23.568005 121.49488
23.56763 121.494335
23.56713 121.493925
23.566463 121.493651
23.565796 121.493286
23.565379 121.492967
23.564921 121.492467
23.564381 121.491604
23.563424 121.490423
23.562925 121.489922
23.562341 121.489422
23.561926 121.488831
23.561469 121.487969
23.561054 121.486925
23.560765 121.486018
23.560433 121.485247
23.560102 121.484385
23.55977 121.483658
23.559062 121.482795
23.558395 121.482385
23.557916 121.481998
23.557416 121.481634
23.557167 121.48127
23.556709 121.48068
23.556418 121.480271
23.556002 121.479771
23.555419 121.479225
23.554751 121.47886
23.554126 121.478632
23.553666 121.478584
23.553125 121.478355
23.552291 121.477899
23.551124 121.477125
23.550082 121.476442
23.54904 121.475804
23.547685 121.475006
23.546976 121.474596
23.546308 121.474322
23.545349 121.473956
23.544473 121.473681
23.543554 121.473451
23.542887 121.473268
23.542178 121.472812
23.541178 121.472084
23.540511 121.471538
23.539386 121.470537
23.538387 121.469582
23.53747 121.468764
23.536387 121.468081
23.535699 121.467557
23.535032 121.467147
23.534406 121.466782
23.533657 121.465873
23.532991 121.465191
23.53195 121.464191
23.530908 121.463327
23.529867 121.462417
23.529325 121.462098
23.528908 121.46178
23.528157 121.461415
23.527239 121.461185
23.526759 121.461161
23.525673 121.461112
23.52396 121.461197
23.522498 121.461328
23.521412 121.461278
23.520619 121.461321
23.519741 121.461499
23.519155 121.461769
23.518821 121.461858
23.518069 121.461901
23.516294 121.461826
23.515292 121.461687
23.513831 121.461501
23.512871 121.461407
23.511994 121.461358
23.511033 121.461265
23.510156 121.461352
23.50932 121.461485
23.508024 121.461934
23.507188 121.462157
23.506059 121.462561
23.505433 121.462649
23.504472 121.462737
23.503344 121.462688
23.501925 121.462456
23.500589 121.462224
23.499838 121.461995
23.498795 121.461584
23.497544 121.460946
23.496044 121.459944
23.495336 121.459127
23.494755 121.458083
23.494642 121.457752
23.494216 121.456496
23.493718 121.455317
23.493345 121.45432
23.49314 121.453187
23.492977 121.451828
23.492897 121.450424
23.492984 121.449337
23.493155 121.447662
23.492952 121.445714
23.492643 121.444105
23.492146 121.442791
23.492009 121.442311
23.491939 121.442065
23.491024 121.440975
23.489566 121.439793
23.48769 121.438429
23.486647 121.437882
23.485187 121.437334
23.484437 121.436697
23.48327 121.435607
23.482624 121.435175
23.481707 121.434402
23.481041 121.433856
23.480374 121.433175
23.479082 121.43231
23.477706 121.431265
23.476498 121.430264
23.475582 121.429219
23.475 121.428131
23.474563 121.427518
23.473897 121.426565
23.473107 121.425476
23.472482 121.424885
23.471899 121.424295
23.471148 121.423704
23.470607 121.423204
23.469983 121.422523
23.469234 121.42157
23.468526 121.420526
23.467986 121.419574
23.467653 121.418984
23.467112 121.418394
23.466404 121.417758
23.466275 121.417664
23.465219 121.416508
23.464648 121.415449
23.464617 121.415361
23.464338 121.413799
23.464084 121.412439
23.463766 121.411113
23.463095 121.409369
23.462392 121.407833
23.461271 121.406122
23.460863 121.405393
23.460471 121.404691
23.459671 121.403503
23.458645 121.402141
23.457662 121.401084
23.456273 121.39959
23.454413 121.397563
23.454332 121.397508
X
23.493494 121.393141
23.488306 121.389564
23.483237 121.386312
23.477157 121.381437
23.474116 121.379227
23.470478 121.37695
23.465648 121.37357
23.462069 121.371228
23.457716 121.368335
23.453959 121.365541
23.450501 121.36346
23.445907 121.360858
23.44197 121.35884
23.437256 121.356367
23.432901 121.354025
23.429382 121.351945
23.423118 121.348432
23.418167 121.345636
23.413753 121.342907
23.403309 121.338964
23.394952 121.335966
23.393518 121.335472
23.388426 121.333994
23.38335 121.332269
23.373537 121.329066
23.363949 121.32623
23.358648 121.324139
23.352818 121.322713
23.349172 121.32167
23.338723 121.318452
23.335967 121.317488
23.333158 121.316804
23.321923 121.314186
23.314329 121.312083
23.310377 121.310778
23.303826 121.30772
X
23.477401 121.353918
23.4737 121.352741
23.470178 121.351632
23.467373 121.350782
23.465343 121.350389
23.462357 121.350316
23.458294 121.35063
23.456084 121.350947
23.452916 121.35191
23.44939 121.352807
23.44664 121.353641
23.443951 121.354087
23.442218 121.354406
23.440545 121.354854
23.437677 121.355171
23.435587 121.3551
X
23.45424 121.397492
23.453049 121.396162
23.450071 121.392688
23.446915 121.38886
23.44471 121.386458
23.439226 121.382558
23.436067 121.379766
23.432073 121.376388
23.427958 121.373463
23.424618 121.37148
23.418536 121.367062
23.415078 121.364658
23.410725 121.361215
23.4081 121.359719
23.4044 121.358609
23.399506 121.356719
23.39694 121.355742
23.394255 121.354376
23.391331 121.353202
23.388644 121.352678
23.386554 121.352478
23.384046 121.352213
23.380344 121.351362
23.376344 121.350381
23.373055 121.350119
23.366436 121.348757
23.359736 121.347306
23.350656 121.343516
23.342933 121.339911
23.339707 121.339275
23.329528 121.338353
23.326054 121.337448
23.319681 121.337342
23.315129 121.336703
23.314302 121.336522
23.310165 121.335795
23.307766 121.335162
23.303383 121.333627
23.300902 121.332545
23.297675 121.331821
23.293787 121.330736
23.290398 121.329025
23.287505 121.327225
23.285273 121.325876
23.283785 121.324797
23.281718 121.323807
23.279915 121.322817
23.276858 121.320122
23.274049 121.317786
23.272315 121.315452
23.270499 121.313029
23.269014 121.310921
23.267527 121.309394
23.265874 121.308404
23.263064 121.306068
23.260006 121.303643
23.255542 121.300498
23.251327 121.297443
23.248599 121.295556
23.246288 121.292236
23.243813 121.287931
23.24274 121.286271
23.241665 121.285194
23.239102 121.283756
23.235794 121.282316
23.230996 121.280604
23.225785 121.278533
23.222427 121.277093
23.218208 121.275652
23.213327 121.27412
23.20878 121.271872
23.204231 121.269802
23.199351 121.267554
23.196457 121.265758
23.193483 121.26226
23.191334 121.260017
23.187944 121.257861
23.185216 121.255886
23.182407 121.253106
23.179514 121.250593
23.177694 121.249498
23.174303 121.24797
23.169256 121.246349
23.164212 121.243475
23.161317 121.241858
23.155858 121.239432
23.152051 121.23853
23.144936 121.236548
23.141213 121.235826
23.137572 121.235103
23.132525 121.23402
23.128404 121.233118
23.12559 121.232755
23.123108 121.232304
23.119055 121.22997
23.114671 121.227726
23.109295 121.224674
23.104662 121.222877
23.100972 121.221797
23.097746 121.22045
23.094353 121.219817
23.090133 121.218647
23.084425 121.217386
23.079791 121.215768
23.07433 121.214238
23.070293 121.2128
23.067233 121.210828
23.064836 121.208319
23.06252 121.206974
23.059873 121.205539
23.05764 121.203567
23.053836 121.20061
23.050563 121.197439
23.047091 121.194124
23.045024 121.191617
23.044529 121.190275
23.042214 121.188215
23.03869 121.186153
23.032486 121.182924
23.029127 121.180916
23.027061 121.179125
23.024414 121.177959
23.018787 121.176432
23.013821 121.175352
23.009187 121.174541
23.002566 121.17346
22.997849 121.17238
22.994704 121.172377
22.991144 121.172819
22.987501 121.173798
22.985431 121.173975
22.982535 121.173523
22.977983 121.172355
22.976825 121.171907
22.973266 121.171813
22.966844 121.170518
22.957658 121.168451
22.956719 121.168244
22.956604 121.168219
22.955923 121.168069
22.953522 121.16754
22.952322 121.167599
22.950213 121.167114
22.944982 121.165369
22.939623 121.164414
22.93602 121.16403
X
22.951456 121.127096
22.946898 121.124782
22.943782 121.123423
22.940573 121.122315
22.936899 121.121356
22.931178 121.120196
22.927224 121.119138
22.922153 121.117878
22.918944 121.116569
22.915456 121.114858
22.912944 121.114455
22.907083 121.113596
22.90257 121.112889
22.897825 121.112132
22.893854 121.111294
22.888321 121.109394
22.884282 121.107399
22.882174 121.106545
22.879453 121.103604
22.877347 121.101991
22.874098 121.100567
22.870409 121.099616
22.866802 121.098928
22.863128 121.097921
22.859267 121.096512
22.854615 121.095305
22.852801 121.094852
22.849033 121.094548
22.822096 121.092521
22.818421 121.091766
22.814606 121.091664
22.808046 121.091608
22.800582 121.091134
22.799089 121.090943
22.79786 121.090563
X
22.956731 121.168157
22.955709 121.16781
22.954751 121.167326
22.953665 121.166497
22.952856 121.165697
22.951901 121.164664
22.950584 121.163716
22.949292 121.163183
22.947854 121.162795
22.94631 121.162866
22.945258 121.162771
22.943656 121.162353
22.942614 121.161476
22.941342 121.160839
22.939856 121.160431
22.938621 121.160075
22.936296 121.159248
22.935203 121.159022
22.933861 121.158814
22.932392 121.157984
22.930604 121.156671
22.92888 121.155357
22.927858 121.154804
22.925686 121.153629
22.925558 121.153491
22.924728 121.1528
22.923578 121.152246
22.918211 121.15093
22.914057 121.150029
22.908559 121.148393
22.906871 121.148033
22.898926 121.146953
22.89338 121.146946
22.886278 121.146761
22.87662 121.14616
22.871049 121.1446
22.868483 121.144151
22.866498 121.143166
22.86447 121.1423
22.862202 121.140869
22.859619 121.138554
22.85628 121.135964
22.85168 121.132831
22.848151 121.130787
22.843752 121.128576
22.839291 121.126556
22.832857 121.12543
22.825491 121.12408
22.81968 121.123067
22.811689 121.122724
22.808679 121.122498
22.802764 121.122268
22.796329 121.122151
22.791024 121.122421
22.787299 121.122864
22.784401 121.123932
22.777027 121.128152
22.766646 121.134997
22.755982 121.143553
22.746253 121.151707
X
22.866486 121.143322
22.862642 121.142026
22.859302 121.141138
22.854007 121.14018
22.849279 121.139427
22.844489 121.138674
22.842471 121.138264
22.839761 121.137376
22.837808 121.136558
22.835854 121.135944
22.832765 121.135397
22.831567 121.135192
22.830055 121.134238
22.82848 121.132945
22.826653 121.131651
22.825456 121.130834
22.824069 121.130084
22.822367 121.129403
22.81972 121.128651
22.817577 121.128105
22.815371 121.127559
22.812661 121.126809
22.810266 121.126059
22.808438 121.125513
22.806358 121.124831
22.80535 121.124354
22.80409 121.123741
22.802956 121.123059
22.801317 121.122242
X
24.280766 120.908282
24.281605 120.907661
24.282444 120.906863
24.283013 120.906448
24.284855 120.905058
24.285532 120.904526
24.286479 120.903846
24.287264 120.903077
24.287968 120.902308
24.288428 120.901598
24.28905 120.900711
24.289862 120.899558
X
24.297969 120.887103
24.298483 120.886541
24.299295 120.88586
24.300134 120.885298
24.301028 120.884883
24.301894 120.884498
X
24.29869 120.869839
24.296478 120.866518
X
24.305694 120.844504
24.304638 120.844682
24.30369 120.844742
24.300872 120.844509
24.29968 120.844008
24.299192 120.843654
24.298839 120.843181
24.298703 120.842709
24.297889 120.841409
24.297157 120.840671
24.296614 120.839845
24.296316 120.839402
24.295995 120.839044
24.295261 120.838793
24.293401 120.838423
24.291212 120.837383
24.289624 120.836147
24.288916 120.834978
24.287722 120.832764
24.286772 120.830608
X
24.301248 120.8417
24.29992 120.84049
24.299215 120.839605
X
24.309371 120.838676
24.306796 120.83661
24.30582 120.835902
24.303814 120.834959
24.302866 120.834488
24.302161 120.834045
24.301695 120.833603
24.299667 120.83257
24.297905 120.831804
24.297229 120.831332
24.296117 120.830003
24.295465 120.82897
24.294814 120.828084
24.292832 120.824541
X
24.290506 120.821455
24.290504 120.820184
24.290692 120.818735
24.290392 120.817229
X
24.284489 120.824257
24.284054 120.822839
24.283836 120.821746
24.283645 120.820446
24.28348 120.818939
24.283478 120.817077
24.28353 120.815511
24.286046 120.812995
24.285638 120.810809
24.285583 120.810129
24.285121 120.808859
24.284982 120.808232
24.284957 120.808121
24.28509 120.805904
24.284904 120.805034
24.284847 120.804556
24.284383 120.802226
24.283647 120.800794
24.283104 120.799731
24.282546 120.799022
24.282037 120.798217
24.27986 120.79637
24.278988 120.795589
24.278615 120.795043
24.27856 120.794567
24.278582 120.793642
24.278896 120.790546
24.278967 120.78952
24.27833 120.786625
24.278038 120.785645
24.277916 120.784309
24.277948 120.783065
24.277567 120.781903
24.277398 120.78045
24.277368 120.780093
24.27711 120.779395
24.276919 120.778627
24.276857 120.777793
24.27688 120.776802
24.276853 120.774704
24.27678 120.774092
24.276712 120.773794
24.276592 120.773519
24.276782 120.77272
X
24.280514 120.817059
24.279401 120.815332
24.278669 120.814149
24.278166 120.8132
24.277554 120.812128
24.277015 120.810896
24.276567 120.809561
24.276215 120.808322
24.276022 120.807436
24.275829 120.806363
24.275468 120.805178
24.275278 120.804636
24.274154 120.803374
24.273424 120.802254
24.272897 120.801408
24.272518 120.800558
24.272261 120.798881
24.272508 120.796392
24.272472 120.795949
24.274158 120.794839
24.274023 120.793865
24.274048 120.792653
24.274019 120.791205
24.273963 120.789787
24.273934 120.788575
X
24.287226 120.803123
24.287142 120.801379
24.286897 120.80005
24.286787 120.79872
24.286678 120.798307
24.285158 120.796536
24.284588 120.795414
24.284339 120.794737
24.28439 120.794327
24.284478 120.793612
24.284585 120.792636
24.284476 120.792193
24.283933 120.791485
24.283743 120.790805
24.28385 120.790155
24.28412 120.789504
24.284633 120.788292
24.285065 120.787139
24.285361 120.786281
24.285604 120.785601
24.285793 120.784803
24.286035 120.783857
24.286197 120.783177
24.286248 120.782669
24.286292 120.782199
24.28633 120.781817
24.286193 120.780901
24.285623 120.77975
24.287432 120.782044
24.287582 120.781207
24.287845 120.780248
24.287949 120.779004
24.288064 120.777763
24.288273 120.776642
24.288623 120.775134
24.28892 120.774129
24.288838 120.773508
24.28862 120.773006
24.288502 120.772669
24.288621 120.772097
24.288776 120.771353
24.288561 120.769786
24.288018 120.768782
24.287746 120.768634
24.286907 120.768695
24.285607 120.768668
24.284577 120.768788
24.283934 120.768925
24.283462 120.768828
24.283128 120.768738
24.280652 120.772924
24.280804 120.774987
X
24.270084 120.753234
24.271104 120.754628
24.271758 120.755337
24.27333 120.75613
24.273511 120.756334
24.273746 120.756618
24.273929 120.756932
24.274243 120.757359
24.275002 120.757899
24.27529 120.758183
24.275683 120.75861
24.276153 120.759008
24.276542 120.759213
24.276861 120.759434
24.2772 120.75989
24.277254 120.76017
24.277332 120.760574
24.277689 120.762173
24.277654 120.763072
24.277691 120.763776
24.277887 120.764962
24.278151 120.765703
24.278375 120.766303
24.278796 120.767175
24.278861 120.767912
24.27868 120.771098
24.278695 120.771606
24.278792 120.771817
24.278881 120.772003
24.279085 120.772669
24.279682 120.773495
X
24.129426 120.735611
24.129442 120.735592
24.129751 120.735787
24.130887 120.737768
24.131294 120.738177
24.132146 120.738765
24.132754 120.739293
24.13308 120.739727
24.133333 120.74003
24.133902 120.740265
24.134444 120.740395
24.13549 120.740401
24.136471 120.740196
24.13695 120.740159
24.137597 120.740108
24.138546 120.740299
24.13974 120.740556
24.141174 120.740867
24.143449 120.741629
24.144282 120.741821
24.145407 120.742195
24.145524 120.742274
24.146356 120.742842
24.146688 120.743066
24.147633 120.743689
24.148627 120.7443
24.149144 120.744302
24.150022 120.742566
24.151011 120.74147
24.151703 120.741039
24.152553 120.74077
24.153419 120.741164
24.154216 120.741678
24.155053 120.742548
24.155758 120.743042
24.155987 120.74334
24.156295 120.743816
24.156754 120.744211
24.157088 120.744315
24.157494 120.744224
24.157719 120.744015
24.158012 120.743786
24.158639 120.74318
24.158947 120.742593
24.159209 120.741161
24.159502 120.740922
24.160205 120.740566
24.160764 120.740151
24.161192 120.73942
24.161999 120.7377
24.162427 120.737131
24.162761 120.736935
24.163118 120.736765
24.163502 120.736608
24.163861 120.736503
24.164362 120.736378
24.164669 120.736378
24.164955 120.736039
24.165116 120.735541
24.165251 120.735364
24.166032 120.734979
24.166754 120.734693
24.167566 120.734393
24.168128 120.73434
24.168491 120.734345
24.169254 120.7345
24.16974 120.734733
24.170185 120.734828
24.170916 120.734769
24.171595 120.734569
24.172572 120.734253
24.172969 120.734089
24.173359 120.733965
24.174183 120.733703
24.174672 120.733559
24.175166 120.733264
24.176001 120.73295
24.176349 120.733092
24.177065 120.733533
24.177519 120.73365
24.178088 120.733682
24.178372 120.733666
24.179616 120.733599
24.18 120.733559
24.180406 120.733402
24.180852 120.733096
24.182187 120.732168
24.18264 120.731646
24.183811 120.731344
24.184706 120.730952
24.185661 120.730846
24.186245 120.730624
24.18701 120.730518
24.187416 120.730205
24.188896 120.729655
24.190162 120.729847
24.191117 120.729676
24.192412 120.728196
24.1933 120.727692
24.194316 120.727429
24.195188 120.727675
24.19578 120.728096
24.196228 120.728818
24.196661 120.729898
24.196769 120.730692
24.19726 120.73146
24.197484 120.731778
24.19771 120.731999
24.198243 120.732062
24.198421 120.732069
24.19897 120.732263
24.199126 120.732289
24.199591 120.732327
24.200184 120.732106
24.20161 120.731633
24.203066 120.73163
24.204202 120.731915
24.205742 120.731951
24.207227 120.731821
24.208561 120.731773
24.209845 120.731976
24.210807 120.732148
24.211526 120.732589
24.21253 120.733342
24.213224 120.734357
24.214169 120.734902
24.214361 120.734992
24.214826 120.734913
24.215284 120.734614
24.21612 120.734216
24.216662 120.734119
24.217445 120.7342
24.218504 120.734266
24.219148 120.734347
24.219601 120.734428
24.220206 120.734468
24.220998 120.734137
24.222435 120.733722
24.224437 120.733676
24.226404 120.733755
24.228065 120.733916
24.229628 120.734341
24.230317 120.734361
24.231107 120.734385
24.231441 120.73454
24.231776 120.734722
24.232182 120.734929
24.232458 120.734916
24.233053 120.734667
24.233376 120.734497
24.233637 120.734418
24.23396 120.734523
24.235371 120.734415
24.235931 120.734284
24.236524 120.734133
24.237144 120.733975
24.238475 120.733549
24.240071 120.733097
24.24154 120.733042
24.24189 120.733138
24.242475 120.73332
24.243778 120.733538
24.24444 120.733916
24.244977 120.734084
24.245619 120.734159
24.245978 120.734367
24.246146 120.734718
24.246183 120.735448
24.246363 120.73631
24.246775 120.737255
24.247145 120.737919
24.24784 120.738821
24.24858 120.739763
24.249394 120.740595
24.250066 120.74148
24.250698 120.742473
24.251209 120.742988
24.251577 120.743305
24.252228 120.743487
24.252456 120.743708
24.25329 120.744504
24.254107 120.745464
24.254299 120.745541
24.254552 120.745589
24.254978 120.745494
24.255202 120.74543
24.255921 120.745128
24.257121 120.744706
24.257528 120.744653
24.258142 120.7449
24.259354 120.745974
24.260285 120.746598
24.261175 120.747006
24.26193 120.747421
24.262866 120.748374
24.263659 120.749119
24.264537 120.750296
24.264946 120.750701
24.265534 120.75104
24.265968 120.751249
24.26676 120.751417
24.267553 120.751743
24.268113 120.751969
24.268811 120.752209
24.269205 120.752522
24.269846 120.753009
24.270084 120.753234
24.270084 120.753234
24.271369 120.753873
24.272506 120.754599
24.273265 120.75507
24.274187 120.755542
24.274332 120.755673
24.274671 120.756238
24.275326 120.757193
24.275817 120.757838
24.276039 120.758066
24.276308 120.758201
24.276639 120.758012
24.276939 120.758038
24.277802 120.758338
24.278216 120.758662
24.278426 120.758947
24.278637 120.75938
24.279105 120.759715
24.279846 120.76011
24.280205 120.760435
24.280751 120.761479
24.280882 120.761766
24.281109 120.7623
24.281268 120.762786
24.281501 120.763482
24.281757 120.763719
24.282137 120.76416
24.2826 120.764418
24.282853 120.764655
24.283378 120.765171
24.284114 120.765476
24.284412 120.76559
24.285069 120.765785
24.285232 120.766225
24.285154 120.766579
24.284807 120.766958
24.284051 120.767169
24.283711 120.767355
24.282888 120.767887
24.28278 120.768343
24.282697 120.768825
24.282661 120.769073
24.282578 120.769386
24.282495 120.769686
24.282532 120.770094
24.282689 120.770676
24.282952 120.771431
X
24.13308 120.739727
24.133146 120.738674
24.13327 120.737399
24.133244 120.736182
24.133196 120.735681
24.133064 120.735499
24.133014 120.735187
24.132763 120.734966
24.132595 120.734573
24.132402 120.733997
24.132113 120.733788
24.131686 120.733771
24.131352 120.733823
24.130671 120.734124
24.130325 120.734607
24.129442 120.735592
24.1291 120.735375
24.128396 120.735288
24.127504 120.735322
24.126077 120.736913
24.124825 120.737371
24.123234 120.737497
24.122913 120.737527
24.122446 120.737571
24.12183 120.737735
24.121158 120.738126
24.120521 120.738895
24.119679 120.73917
24.11851 120.739417
24.118102 120.739553
24.117457 120.739709
24.116258 120.739905
24.115211 120.73983
24.114646 120.739519
24.114248 120.738971
24.113455 120.738559
24.112474 120.738235
24.110868 120.738844
24.109803 120.73898
24.108205 120.7391
24.106607 120.739162
24.104928 120.739343
24.104196 120.739197
24.103898 120.738916
24.103503 120.737576
24.103059 120.736888
24.102354 120.736291
24.101719 120.73555
24.100883 120.735097
24.099609 120.734747
24.098688 120.73481
24.097493 120.735437
24.096352 120.736505
24.096065 120.736583
24.095265 120.73626
24.093859 120.735463
24.09331 120.735243
24.09294 120.735295
24.091771 120.735673
24.090644 120.736119
24.090229 120.736211
24.088278 120.736911
24.08772 120.736776
24.087202 120.736276
24.087227 120.734526
24.086954 120.733036
24.086813 120.732685
24.086053 120.731874
24.085645 120.730912
24.085739 120.730678
24.086109 120.7303
24.086611 120.729518
24.086777 120.72888
24.086655 120.727852
24.086294 120.726812
24.085923 120.726345
24.085694 120.72572
24.085347 120.724993
24.084762 120.724356
24.083564 120.723656
24.082883 120.723085
24.081926 120.722983
24.080912 120.722582
24.080059 120.722577
24.07951 120.722343
24.079335 120.722027
24.078949 120.72179
24.078513 120.721791
24.077721 120.72177
24.0774 120.721646
24.07707 120.721399
24.07699 120.720925
24.076524 120.720523
24.076139 120.719939
24.07596 120.719224
24.075636 120.718717
24.075409 120.718132
24.075055 120.717254
24.074427 120.716383
24.073599 120.715404
24.073061 120.714885
24.072195 120.714463
24.071728 120.713397
24.071078 120.7112
24.070878 120.710283
24.070707 120.708371
24.070686 120.70794
24.070481 120.706895
24.070167 120.705759
24.070043 120.704535
24.069433 120.703496
24.068789 120.702864
24.068093 120.702445
24.067051 120.701706
24.066406 120.701967
24.065477 120.702594
24.065323 120.703323
24.065288 120.704013
24.065087 120.704267
24.064554 120.704098
24.063981 120.703983
24.063193 120.703971
24.061728 120.704302
24.061433 120.705306
24.060946 120.705897
24.060736 120.70576
24.06068 120.704899
24.060733 120.704381
24.060542 120.703775
24.060297 120.703242
24.060345 120.702195
24.060067 120.700858
24.059965 120.700578
24.059718 120.700225
24.059717 120.699514
24.059445 120.699337
24.058901 120.699339
24.056486 120.700233
24.054857 120.70062
24.053715 120.700802
24.053525 120.702103
24.052631 120.700659
24.052511 120.700568
24.052387 120.700406
24.052108 120.699739
24.051808 120.699177
24.051345 120.698853
24.051614 120.697639
24.051559 120.696928
24.051017 120.695961
24.050684 120.695377
24.050246 120.69494
24.049735 120.694524
24.049185 120.694209
24.048862 120.694123
24.047792 120.694167
24.046989 120.694175
24.045699 120.694829
24.045305 120.695523
24.044738 120.69627
24.044484 120.696679
24.044167 120.69739
24.043856 120.697743
24.043253 120.698029
24.042939 120.69815
24.042748 120.698511
24.04264 120.698771
24.042481 120.699055
24.042226 120.699153
24.042176 120.699219
24.041892 120.69935
24.041703 120.699617
24.041563 120.69971
24.041293 120.699716
24.040861 120.699549
24.040551 120.699097
24.03984 120.698172
24.039402 120.698024
24.039068 120.697765
24.038758 120.697259
24.038111 120.696376
24.037656 120.696013
24.037173 120.695929
24.03651 120.696092
24.036293 120.696041
24.035529 120.695522
24.035086 120.695458
24.034429 120.695434
24.033856 120.695735
24.033247 120.695905
24.032663 120.696219
24.032348 120.696629
24.031805 120.697105
24.031805 120.697105
24.031483 120.697418
24.030933 120.69764
24.027848 120.701234
24.027858 120.700467
24.027788 120.6999
24.027788 120.6999
24.027767 120.699852
24.027658 120.699618
24.026727 120.698983
24.025816 120.698738
24.025256 120.698649
24.024574 120.698481
24.024 120.698105
24.0232 120.697821
24.023081 120.698069
24.022706 120.698034
24.022253 120.697944
24.021993 120.697811
24.021982 120.697655
24.021295 120.697101
24.020852 120.696932
24.020579 120.696855
24.019806 120.696629
24.019371 120.696623
24.01879 120.696634
24.018176 120.696561
24.0178 120.696702
24.017464 120.696892
24.017139 120.697097
24.01681 120.697484
24.016484 120.698412
24.016231 120.698497
24.01603 120.698296
24.016041 120.698049
24.015478 120.697699
24.014559 120.697285
24.014159 120.697076
24.013644 120.696783
24.013136 120.696664
24.012346 120.696813
24.011899 120.696989
24.011463 120.696863
24.010815 120.6967
24.010334 120.69663
24.001432 120.694731
24.001784 120.694766
24.002003 120.694879
24.002347 120.695324
24.002574 120.695636
24.001432 120.694731
24.001407 120.694777
24.001091 120.69469
24.00082 120.694518
24.00064 120.69396
24.000384 120.69343
24.000291 120.692998
24.000135 120.691997
24.000116 120.691416
23.999989 120.691221
23.999134 120.690638
23.998375 120.690298
23.997504 120.690106
23.996212 120.689895
23.995503 120.689694
23.994945 120.689514
23.994606 120.689557
23.994236 120.689714
23.993923 120.689887
23.993182 120.689824
23.992776 120.689825
23.992108 120.68984
23.991776 120.689863
23.99149 120.689928
23.991022 120.689865
23.990521 120.689853
23.989814 120.689819
23.989189 120.689866
23.988889 120.689919
23.98869 120.689796
23.988383 120.689559
23.987595 120.689469
23.987174 120.689236
23.986876 120.689276
23.986649 120.68974
23.986274 120.69034
23.986137 120.690685
23.985866 120.690775
23.985205 120.69087
23.984593 120.691101
23.984 120.691185
23.98388 120.691042
23.983915 120.690327
23.983826 120.690177
23.983366 120.690129
23.982948 120.690065
23.982494 120.689989
23.981681 120.689874
23.98058 120.689984
23.979901 120.690103
23.978407 120.690639
23.977984 120.691059
23.977076 120.691783
23.976631 120.692005
23.97604 120.692211
23.975498 120.692138
23.974667 120.691812
23.973843 120.691827
23.973294 120.692712
23.973175 120.692803
23.971881 120.692848
23.970796 120.692223
23.970367 120.692016
23.969637 120.691589
23.96907 120.691321
23.968485 120.691387
23.967581 120.690788
23.966984 120.690387
23.966683 120.689997
23.966521 120.689169
23.966039 120.688628
23.965757 120.688367
23.965465 120.688148
23.964552 120.687857
23.963154 120.68708
23.962397 120.686943
23.960783 120.687025
23.960168 120.687323
23.959518 120.687392
23.959256 120.687718
23.958844 120.688236
23.957937 120.688421
23.957038 120.689205
23.956036 120.690325
23.955842 120.691545
23.955603 120.691805
23.955328 120.691806
23.955038 120.692173
23.954603 120.69269
23.954141 120.693075
23.953785 120.693567
23.952854 120.694167
23.952091 120.695117
23.951652 120.695599
23.950308 120.696496
23.948871 120.696802
23.948517 120.697398
23.948148 120.698231
23.947996 120.69879
23.947984 120.699583
23.947974 120.700389
23.947925 120.700843
23.947628 120.701169
23.9468 120.701434
23.94594 120.701618
23.945582 120.701957
23.945034 120.702413
23.944592 120.702503
23.943798 120.70279
23.943133 120.703395
23.942446 120.704004
23.941852 120.704696
23.941622 120.705045
23.941239 120.705401
23.94071 120.705113
23.940464 120.704996
23.939938 120.704854
23.939412 120.70483
23.938972 120.705176
23.938541 120.705221
23.938039 120.704937
23.936904 120.704796
23.935522 120.704796
23.935319 120.704953
23.934413 120.705722
23.93367 120.706532
23.932627 120.707779
23.931894 120.708057
23.93056 120.708109
23.929791 120.708257
23.928348 120.709196
23.92809 120.709218
23.927745 120.709155
23.926725 120.708377
23.926187 120.707897
23.925825 120.707563
23.924677 120.70702
23.92274 120.706609
23.922247 120.706458
23.921523 120.70642
23.920873 120.70651
23.920034 120.707013
23.919438 120.707073
23.918653 120.707517
23.918246 120.706987
23.917947 120.70631
23.917428 120.705628
23.91696 120.705265
23.915598 120.704738
23.913841 120.70417
23.9131 120.704172
23.912741 120.704079
23.912062 120.704315
23.911823 120.704497
23.91137 120.704591
23.910981 120.704335
23.909561 120.704297
23.908692 120.704506
23.907117 120.704716
23.906043 120.70485
23.903385 120.705526
23.901343 120.706167
23.899922 120.706482
23.898334 120.707071
23.897078 120.707714
23.895048 120.708861
23.894034 120.709663
23.893105 120.710428
23.892891 120.710558
23.891155 120.711565
23.889581 120.712676
23.888469 120.713026
23.887984 120.713242
23.887592 120.713737
23.887026 120.713939
23.886434 120.713795
23.886017 120.713952
23.885502 120.713927
23.885037 120.713668
23.88463 120.713721
23.883207 120.714372
23.880961 120.715761
23.880121 120.716028
23.879173 120.715942
23.878604 120.71559
23.878573 120.714668
23.87819 120.713813
23.877496 120.713333
23.876625 120.713336
X
23.87873 120.721644
23.87824 120.721541
23.877432 120.720572
23.876799 120.720106
23.876314 120.719895
23.876157 120.719519
23.876228 120.718948
23.876455 120.718376
23.876694 120.718129
23.876781 120.717465
23.87664 120.716825
23.876259 120.715987
23.875829 120.715377
23.875242 120.714911
23.874442 120.71465
23.874144 120.714268
23.874022 120.71345
23.873695 120.71236
23.872826 120.711155
23.872202 120.710655
23.870826 120.710023
23.87042 120.709998
23.869272 120.70966
23.868852 120.709364
23.868303 120.709132
23.867188 120.709378
23.867157 120.709356
23.86663 120.709046
23.866116 120.708281
23.865339 120.707984
23.864766 120.708167
23.864172 120.708142
23.863308 120.70826
23.862448 120.708626
23.862019 120.708575
23.861735 120.708378
23.861496 120.707792
23.861332 120.706644
23.861191 120.706395
23.860868 120.706369
23.860462 120.706578
23.860152 120.707227
23.860159 120.707179
23.859466 120.707544
23.859228 120.707986
23.858919 120.708273
23.85843 120.708546
23.857904 120.708768
23.857248 120.708848
23.856902 120.708888
23.856315 120.708798
23.85601 120.708549
23.855457 120.707277
23.854691 120.70572
23.854496 120.70535
23.854091 120.704709
23.852986 120.704325
23.852453 120.704375
23.851975 120.704609
23.851584 120.705234
23.851356 120.705338
23.851105 120.705183
23.850842 120.70456
23.850446 120.704147
23.849367 120.70406
23.848172 120.703609
23.847872 120.703674
23.847621 120.703818
23.84662 120.704079
23.845854 120.704172
23.8439 120.70429
23.84257 120.704309
23.841841 120.704272
23.840908 120.704183
23.840265 120.704133
23.839572 120.704303
23.839261 120.70455
23.83857 120.705422
23.838201 120.70606
23.836801 120.70815
23.836348 120.708788
23.836182 120.708996
23.835726 120.709114
23.83537 120.709406
23.835208 120.709521
23.834975 120.709687
23.834349 120.710393
23.833692 120.710411
23.833231 120.70997
23.832607 120.7095
23.832038 120.709471
23.831335 120.709914
23.830831 120.709955
23.828083 120.709362
23.827462 120.709365
23.826984 120.709535
23.826136 120.710071
23.825407 120.710331
23.824166 120.710555
23.82197 120.710392
23.819425 120.710333
23.819066 120.710034
23.818634 120.709762
23.817918 120.709517
23.817414 120.709103
23.817211 120.709129
23.81708 120.709091
23.816578 120.708976
23.815885 120.708613
23.815489 120.7086
23.815036 120.708679
23.814379 120.708524
23.813981 120.708237
23.813614 120.707865
23.81347 120.7078
23.813352 120.707801
23.813149 120.707788
23.812227 120.707284
23.811893 120.70709
23.811127 120.706637
23.810481 120.706417
23.809144 120.706291
23.808738 120.706564
23.808068 120.706526
23.807555 120.706528
23.807363 120.706567
23.807269 120.706593
23.807077 120.706673
23.806086 120.706649
23.805788 120.706559
23.805512 120.706572
23.805262 120.706677
23.804976 120.707106
23.804845 120.707327
23.804726 120.707548
23.804619 120.708067
23.804525 120.708378
23.80449 120.70908
23.804421 120.7094
X
23.806879 120.709275
23.805782 120.709532
23.805435 120.709973
23.804875 120.710831
23.804233 120.711496
23.803707 120.711783
23.802991 120.712511
23.802552 120.712954
23.801941 120.713421
23.801737 120.713409
23.801322 120.713411
23.800389 120.713152
23.799911 120.713244
23.799482 120.713427
23.798764 120.713291
23.798373 120.712916
X
23.79781 120.712572
23.797087 120.712215
23.796468 120.712104
23.795601 120.712091
23.794938 120.712422
23.794535 120.712956
23.794305 120.712893
23.793641 120.712472
23.793321 120.712096
23.793248 120.711547
23.793062 120.710897
23.792521 120.710066
23.792282 120.709353
23.792019 120.708861
23.791515 120.708265
23.790643 120.708137
23.789497 120.708439
23.788053 120.709026
23.787063 120.709418
23.786416 120.709831
23.785941 120.710484
23.785607 120.71055
23.784758 120.710389
23.783911 120.710333
23.783085 120.710464
23.78225 120.710414
23.781676 120.710221
23.780206 120.709938
23.779574 120.70994
23.778809 120.710241
23.778106 120.710683
23.777341 120.711036
23.776804 120.710998
23.776469 120.710765
23.776193 120.710492
23.775318 120.709482
23.774364 120.70868
23.773441 120.707994
23.772696 120.707689
23.77196 120.707581
23.770459 120.707914
23.768975 120.708679
23.767971 120.708835
23.767531 120.708954
23.7669 120.709363
23.766491 120.709502
23.765979 120.709516
23.764466 120.709525
23.76379 120.709738
23.76319 120.710244
23.762648 120.710304
23.762192 120.709889
23.761574 120.709109
23.761151 120.708578
23.759391 120.706662
23.757739 120.704983
23.756763 120.704221
23.75584 120.703341
23.755261 120.702986
23.754868 120.702842
23.75443 120.702843
23.753882 120.703065
23.752887 120.703318
23.751912 120.703114
23.74984 120.703335
23.74923 120.703414
23.747546 120.703353
23.746877 120.703109
23.746315 120.702799
23.745944 120.702566
23.745643 120.70228
23.745333 120.701528
23.744512 120.701041
23.743476 120.700118
23.74302 120.699779
23.741962 120.699046
23.739982 120.697756
23.739169 120.697669
23.73833 120.698025
23.737545 120.698527
23.736868 120.698793
23.736056 120.698795
23.735304 120.698711
23.734374 120.698687
23.732927 120.698611
23.732174 120.698341
23.731305 120.698159
23.730682 120.698161
23.72968 120.698222
23.728948 120.698253
23.728515 120.698372
23.728028 120.698667
23.727189 120.69911
23.72681 120.699229
23.727137 120.699105
23.725269 120.699757
23.723212 120.70035
23.722156 120.700882
23.721182 120.701502
23.72029 120.702181
23.719397 120.702831
23.71864 120.70339
23.718079 120.703636
X
23.970389 120.713669
23.972636 120.713222
23.974261 120.712982
23.975398 120.712656
23.977023 120.712564
23.978148 120.713019
23.979612 120.713192
23.981128 120.713071
23.982672 120.71295
23.98446 120.713122
23.987508 120.713278
23.9887 120.713275
23.990677 120.713241
23.992817 120.713208
23.995147 120.713232
23.996285 120.713288
23.998263 120.713608
23.999103 120.71393
24.00054 120.714605
24.00157 120.71478
24.002708 120.714954
24.004225 120.71501
24.006596 120.715196
24.006693 120.715214
24.007869 120.715429
24.009007 120.715692
24.009943 120.71603
24.011053 120.716676
24.012219 120.717263
24.012382 120.717297
24.013493 120.717526
24.014685 120.717671
