sta  stla  stlo  az  dist  pga  pgv
D001 23.894972 121.542278 41.0624 36.0097 15.020247 0.875987
D002 23.896278 121.539861 40.6161 35.9582 9.066858 0.480076
D003 23.896389 121.542306 40.9023 36.1301 9.467613 0.598128
D005 23.899222 121.541222 40.4459 36.2956 10.102809 0.597242
D006 23.895944 121.548355 41.6829 36.5005 10.158143 0.691060
H001 24.782600 120.995700 345.785 129.448 1.368399 0.196189
H002 24.775330 121.015188 346.55 128.191 1.251568 0.162179
H004 24.772100 121.002000 345.932 128.163 1.250963 0.196995
H005 24.772850 121.009752 346.281 128.054 1.495444 0.194266
H006 24.773800 121.017700 346.642 127.966 1.385389 0.179068
H008 24.784200 121.001100 346.039 129.485 2.632524 0.660197
H009 24.784200 121.001100 346.039 129.485 2.211673 0.520562
H010 24.784200 121.001100 346.039 129.485 0.783500 0.190428
H013 23.101300 120.282200 240.162 121.384 3.119642 0.385354
H014 23.090000 120.285300 239.578 121.747 3.736391 0.504260
H015 23.117100 120.270600 241.157 121.548 3.663548 0.477110
H017 22.825200 120.278700 229.329 139.583 1.148018 0.230334
H018 24.322000 120.723900 321.412 95.3783 1.134829 0.081532
H019 24.205400 120.603100 310.664 94.6753 0.895260 0.093993
H01B 23.932451 120.429390 289.393 95.0433 1.805544 0.198193
H01D 24.734151 121.756910 20.6225 128.38 1.242887 0.198049
H01F 24.707029 120.923278 341.525 123.496 1.136675 0.157058
H020 24.804070 121.044186 348.128 130.647 1.087650 0.234749
H021 24.887514 121.188548 354.884 137.624 1.259869 0.186121
H022 24.050417 120.434806 296.623 99.5761 2.692760 0.166007
H023 23.748200 120.255600 275.986 108.084 1.963585 0.179381
H024 22.990450 120.204309 237.36 134.627 2.455169 0.187206
H025 23.478390 120.454028 257.9 89.4306 5.560831 0.333414
H026 23.561900 120.308700 264.745 102.656 2.924911 0.281681
H027 25.033142 121.515966 7.72725 154.621 0.361059 0.018992
H029 22.677200 120.291500 224.271 149.945 1.735855 0.159825
H02A 25.042800 121.515000 7.63806 155.668 1.317 NULL
H02B 24.136276 120.685729 310.396 83.32 2.642129 0.110115
H02C 23.936292 120.697778 297.062 69.9887 1.851451 0.171870
L001 22.982507 120.245741 236.03 131.582 2.022363 0.280901
L002 23.017126 120.248426 237.364 129.224 1.727160 0.248062
L003 23.015398 120.199802 238.462 133.531 1.961259 0.281376
L004 22.979378 120.196307 237.116 135.985 1.979012 0.299729
L005 22.997378 120.218641 237.292 132.977 1.732391 0.147703
L010 22.648000 120.523000 216.146 137.147 3.118384 0.241750
L011 22.594400 120.491800 215.798 143.84 1.242991 0.268662
L012 22.606100 120.611100 211.903 135.976 1.554938 0.136622
L013 22.199600 120.706900 201.182 172.123 0.353150 0.058095
L014 22.471100 120.551800 210.906 151.927 1.793607 0.204118
L015 22.777600 120.524200 219.933 125.715 2.971339 0.475003
L017 22.524300 120.452100 215.354 152.536 1.555269 0.359041
L020 22.722300 120.443300 220.987 135.753 1.629636 0.305045
L021 23.148900 120.632000 231.447 88.7854 1.967218 0.144576
L022 22.626600 120.324400 221.883 151.771 1.256687 0.249941
L023 22.887600 120.243800 232.472 137.949 1.244508 0.268149
L025 22.605000 120.395200 219.175 148.904 2.588237 0.377735
L026 22.997678 120.221560 237.233 132.708 1.497752 0.140410
S001 24.969167 121.335000 0.989962 146.137 1.300365 0.171338
S002 25.037800 121.443667 5.01563 154.315 2.277833 0.228021
S003 24.954783 121.384050 2.96241 144.717 1.792455 0.145431
S004 25.018233 121.452333 5.41573 152.237 1.299207 0.227253
S006 25.087117 121.465233 5.61908 159.958 3.235649 0.276697
S007 25.080650 121.435150 4.55599 158.972 1.912162 0.179223
S009 25.066733 121.641383 12.0267 160.485 2.997207 0.222861
S00A 24.938050 121.712850 15.9136 148.414 0.597048 0.037335
S00B 25.021917 121.914800 21.8717 163.886 0.602738 0.055240
S00C 25.104533 121.845767 18.534 170.031 0.545445 0.059293
S00D 25.177000 121.694700 12.9117 173.579 0.611373 0.062340
S00E 25.011167 121.448800 5.30967 151.424 1.613935 0.171817
S00F 25.004883 121.466317 6.00292 150.908 2.507042 0.230568
S010 24.997867 121.463033 5.90855 150.1 2.032858 0.161978
S011 24.999950 121.479317 6.52178 150.509 4.296782 0.342005
S012 25.003983 121.520883 8.07919 151.491 1.748305 0.139977
S015 25.033967 121.441700 4.9562 153.875 2.207138 0.223267
S016 25.025200 121.473083 6.16797 153.219 1.317694 0.199015
S017 25.028783 121.468267 5.97164 153.561 2.580755 0.234242
S018 25.029317 121.476817 6.28904 153.713 1.748709 0.179616
S019 25.024617 121.458883 5.63707 153.005 1.731864 0.182377
S01A 25.026783 121.463467 5.8003 153.291 1.791487 0.205808
S01B 24.986433 121.508800 7.72184 149.397 3.688913 0.257990
S01C 25.023467 121.458433 5.62486 152.874 2.091344 0.277119
S01E 25.035500 121.452017 5.33622 154.138 1.670032 0.216286
S01F 25.087635 121.489095 6.4736 160.272 1.602781 0.198154
T001 25.013404 121.541664 8.80217 152.835 2.028775 0.185114
T003 25.018646 121.541600 8.76635 153.407 1.077911 0.108761
W001 23.430417 121.348889 170.717 24.6415 37.184467 1.839471
W002 23.991833 121.631278 40.7844 50.0503 4.247750 0.278329
W003 23.841944 121.507583 43.4184 29.2868 27.050156 1.076919
W004 23.405833 121.319972 177.841 27.0611 23.688787 1.059793
W006 23.904417 121.531556 38.6652 36.1106 10.232994 0.452472
W007 24.102871 121.607052 31.0383 58.5768 19.019789 0.530055
W008 23.935333 121.578333 40.8176 41.7919 15.203299 0.439017
W009 23.493245 121.392330 154.152 19.2884 50.200134 3.505681
W00A 23.754167 121.468556 54.4627 19.8646 54.532677 1.688237
W00B 24.052278 121.608167 34.2236 53.9235 9.949 NULL
W00C 23.870444 121.508139 39.5612 31.6874 32.510883 0.933258
W00D 23.819498 121.473476 41.5684 25.1045 37.300232 1.038401
W00E 24.006861 121.619472 38.5194 50.5607 10.885276 0.409839
W00F 23.978000 121.616667 40.6405 47.919 5.783170 0.436839
W010 23.336306 121.313389 179.427 34.7438 22.078030 1.051813
W011 24.127639 121.651694 33.2679 63.3208 2.031755 0.187025
W013 23.965194 121.494444 28.2617 39.648 10.807182 0.385951
W014 24.118028 121.624750 31.6686 60.9479 9.384891 0.291774
W015 23.706194 121.412639 59.2496 12.1797 79.655037 2.242042
W017 23.497333 121.445750 140.635 21.8616 48.844028 1.603840
W018 23.468806 121.496806 136.42 27.6849 42.379349 1.676021
W019 23.295722 121.267278 186.355 39.4787 22.513216 0.792607
W01A 23.214528 121.279389 183.717 48.3301 6.165222 0.404012
W01B 23.462028 121.495417 137.682 28.1384 23.504646 1.200026
W01C 23.383167 121.358694 170.437 29.9677 22.710915 1.397615
W01D 23.782278 121.564306 60.4858 29.7852 24.933601 0.981212
W01E 23.451528 121.392806 158.944 23.5511 65.552696 3.359832
W01F 23.171583 121.247833 186.85 53.3643 5.320039 0.365657
W020 23.278472 121.322528 178.216 41.1668 17.863256 0.713607
W021 23.652083 121.535611 89.3808 23.0196 77.456757 2.295859
W022 23.867639 121.556806 46.1779 34.8435 19.938076 0.933426
W023 24.147600 121.629200 30.4678 63.9844 14.689737 0.425702
W024 23.601200 121.521900 103.991 22.2883 101.203018 5.500911
W025 23.659900 121.447900 85.5157 14.1116 90.715134 6.251473
W026 23.576900 121.361900 146.794 9.67478 419.200562 17.876732
W027 23.523100 121.390300 149.733 16.27 180.420166 5.655553
W028 23.979500 121.614900 40.3478 47.9278 7.435309 0.567732
W029 24.161400 121.652600 31.5607 66.5227 4.778650 0.241434
W02A 24.308000 121.748700 31.4038 85.4671 3.160889 0.136491
W02B 24.425800 121.749500 27.3988 96.8613 2.214674 0.111005
W02C 24.656100 121.578700 13.715 114.734 1.664611 0.093708
W02F 24.711600 121.652500 16.4176 122.626 2.031432 0.117259
W030 24.719000 121.687700 17.8819 124.468 1.188683 0.083922
W031 24.329139 121.739861 30.0927 87.0146 5.258095 0.216406
W032 24.471028 121.777667 27.5171 102.624 2.500922 0.099328
W033 24.600639 121.529306 11.9101 107.627 2.810388 0.101606
W034 24.935763 121.886790 22.2334 153.982 0.425834 0.046356
W035 24.678722 121.608500 14.8473 117.911 4.604994 0.230612
W036 24.822139 121.768722 19.648 137.935 0.840844 0.124997
W037 24.666083 121.651000 17.0462 117.757 0.843431 0.067005
W038 24.521750 121.832472 28.7155 110.206 1.616084 0.084746
W039 24.863111 121.827750 21.2651 144.287 1.255663 0.078602
W03A 24.665750 121.827611 24.9545 124.196 1.266306 0.147976
W03B 24.696583 121.811444 23.6271 126.625 1.608171 0.195084
W03C 24.632639 121.789667 24.0328 119.258 1.725893 0.239650
W03D 24.445222 121.777667 28.2778 100.102 4.117362 0.144540
W03E 24.467028 121.801083 28.7968 103.362 1.915807 0.091147
W040 24.609472 121.687139 19.7602 112.975 2.157725 0.087232
W041 24.680833 121.762111 21.8281 123.073 1.554564 0.163509
W042 24.748972 121.746917 19.9467 129.564 1.742108 0.220218
W043 24.488056 121.425639 7.19727 93.5648 1.963724 0.091236
W044 24.758722 121.814889 22.5667 133.085 1.665722 0.198223
W045 24.825472 121.820750 21.6198 140.151 1.259461 0.111518
W046 24.779889 121.744278 19.3296 132.696 1.073607 0.140806
W047 24.437966 121.380345 4.67316 87.5674 4.798186 0.211447
W048 24.579000 121.867861 28.7494 117.49 3.159465 0.108121
W049 24.724389 121.762917 21.0501 127.588 1.726268 0.168143
W04A 24.667806 121.712778 19.8742 119.934 0.838158 0.063976
W04C 24.743815 121.789883 21.8239 130.594 1.125389 0.215957
W04D 24.754000 121.754444 20.1765 130.35 2.691310 0.277654
W04E 24.622056 121.834611 26.242 120.147 1.499930 0.111859
W04F 24.593278 121.842750 27.2929 117.68 2.915648 0.187774
W050 24.900485 121.862292 21.929 149.427 0.423735 0.043352
W051 22.884722 120.663694 218.091 107.499 0.843796 0.066623
W052 22.969028 120.540917 226.361 108.978 2.931422 0.241302
W053 23.178689 120.780790 226.124 75.1676 1.851754 0.108541
W054 23.081972 120.592194 229.54 96.663 -1.487852 0.092647
W055 22.883861 120.530889 223.368 116.422 3.649629 0.553500
W056 23.160750 120.765889 225.854 77.6466 1.915066 0.132342
W059 22.996222 120.634000 223.812 100.113 1.851548 0.183986
W05A 23.031750 120.662083 224.187 95.2799 1.788992 0.111884
W05B 22.885861 120.579833 221.583 112.886 4.297479 0.373043
W05C 23.109078 120.701048 226.222 86.3974 1.805504 0.112241
W05D 23.252925 120.819205 228.849 66.699 8.609156 0.182206
W05E 22.777267 120.405773 223.938 133.822 2.315190 0.327565
W05F 22.730333 120.345639 224.298 141.847 2.504712 0.369587
W060 22.663222 120.361917 221.805 146.179 1.764956 0.242130
W061 22.917571 120.453443 227.381 119.41 3.584344 0.397966
W064 22.701639 120.348806 223.328 143.931 1.143615 0.186179
W065 22.975700 120.467500 229.255 114.03 4.477700 0.340840
W066 22.875600 120.196500 233.25 142.606 1.421926 0.306082
W067 22.878000 120.379500 228.26 127.963 2.852791 0.395717
W068 22.820900 120.209300 231.034 145.33 1.604823 0.473837
W069 22.835300 120.369600 227.033 131.918 1.364091 0.224213
W06A 22.849300 120.324400 228.872 134.297 2.708333 0.531601
W06B 22.867200 120.265000 231.173 137.658 1.628771 0.261383
W06C 22.898332 120.627109 220.142 108.681 1.790337 0.142161
W06E 23.073109 120.672564 225.697 91.2682 1.547419 0.105670
W06F 23.128456 120.719008 226.404 83.5836 3.277181 0.220663
W070 23.785400 120.950200 292.303 39.6357 16.265015 0.522517
W071 23.980917 120.686278 300.096 73.3655 1.270733 0.118324
W072 23.930820 120.990414 313.743 45.0354 17.995064 0.450728
W073 23.640194 120.869556 268.703 44.9514 13.877748 0.543319
W074 23.837444 120.902528 296.634 46.4412 4.823 NULL
W075 23.561923 120.927780 256.036 40.2101 14.657972 0.394327
W076 23.968083 121.108889 329.853 40.7566 16.790 NULL
W077 23.768917 120.707611 282.221 62.8269 1.798284 0.120585
W078 23.794111 120.942778 293.16 40.7048 9.041719 0.336320
W07A 23.736290 120.765206 279.868 56.3803 4.414995 0.182716
W07B 23.784889 120.864444 288.291 47.8279 4.367 NULL
W07C 23.942528 120.926333 309.723 50.7791 4.671084 0.249065
W07D 24.123047 121.157103 343.479 54.6581 8.824 NULL
W07E 23.942056 120.702556 297.709 69.8473 2.573264 0.164325
W07F 23.916623 121.046734 317.793 39.8994 44.117367 1.214771
W080 23.646052 120.656319 269.755 66.6943 1.984874 0.173840
W081 23.714250 120.654861 276.209 67.202 3.827337 0.219294
W083 24.086333 121.217000 348.929 49.2463 18.476427 0.523462
W084 23.890500 120.966389 307.322 44.0024 6.049081 0.259445
W085 23.931111 120.694056 296.503 70.0714 2.558920 0.186592
W087 23.593694 120.887694 261.85 43.5436 6.999093 0.250913
W089 23.827839 120.786609 290.364 56.8821 2.392652 0.156127
W08A 23.870028 120.676444 290.799 69.0288 5.570931 0.252949
W08B 23.699472 120.716889 275.293 60.7484 2.032939 0.175828
W08C 23.905694 120.637750 292.59 74.1412 1.060231 0.142265
W08D 23.925111 120.732250 297.476 66.3 2.160371 0.146390
W08E 23.809417 120.721167 286.505 62.5814 6.342182 0.390195
W08F 23.904000 120.679639 293.772 70.1388 5.147971 0.272417
W090 24.025944 120.921430 316.525 57.4529 1.977704 0.181605
W091 24.011444 120.822389 308.96 63.8018 1.153843 0.083570
W092 24.012556 120.957778 318.284 53.8537 2.809928 0.115969
W093 24.063194 120.970000 322.95 57.3918 4.227542 0.152132
W094 23.979583 120.698444 300.483 72.2202 1.503186 0.158407
W095 23.841694 120.630639 287.178 72.4422 1.872835 0.236768
W096 24.092630 120.888089 318.848 65.192 1.439360 0.130561
W097 23.941222 120.667861 296.366 72.9583 2.277421 0.106968
W098 24.059604 121.191918 345.174 46.9339 19.732376 0.559480
W099 23.697700 120.854500 276.578 46.7633 8.310764 0.263552
W09A 24.159700 121.177200 346.556 58.05 9.320472 0.408824
W09B 23.883400 120.798700 296.483 58.1776 3.164521 0.175057
W09C 24.000000 121.078500 328.727 45.3768 9.456001 0.315803
W09D 23.968800 120.966500 315.318 49.7185 3.714471 0.165042
W100 23.560300 120.874900 257.476 45.5037 7.114557 0.298023
W102 24.723280 121.158085 352.633 119.876 1.557215 0.130010
W103 23.125200 121.228700 188.154 58.7126 5.158832 0.309216
W104 22.647167 120.602278 213.267 132.617 0.778671 0.098167
W105 23.610100 120.570300 266.797 75.6089 3.884758 0.289430
W108 24.970061 121.194556 355.441 146.683 2.563208 0.357047
W109 25.040724 121.614071 11.2655 157.102 2.628397 0.276808
W10A 25.149553 121.773078 15.6965 172.611 0.424759 0.048398
W10B 25.014989 121.537161 8.6238 152.939 0.953471 0.089502
W10C 25.021383 121.536708 8.56674 153.632 1.856053 0.176548
W10D 24.982217 121.508400 7.73097 148.929 1.507673 0.173771
W10F 23.895944 121.548355 41.6829 36.5005 23.577600 1.075218
W110 22.631500 121.003600 195.607 117.079 0.711928 0.044762
W111 22.807306 121.093167 193.419 95.9285 1.440380 0.123023
W112 22.381833 120.856639 198.399 147.932 0.720265 0.069721
W113 22.969222 121.116972 194.713 77.9376 4.608950 0.124856
W114 22.998278 121.285194 182.018 72.2221 2.347893 0.148970
W116 22.878194 121.227889 185.63 85.8878 1.559293 0.108297
W117 23.412861 121.482028 146.188 31.597 16.076059 0.671076
W118 22.893583 121.063528 196.802 87.485 4.967762 0.184876
W119 22.383278 120.910944 196.335 146.125 0.537214 0.057267
W11B 22.364750 120.905500 196.322 148.252 0.656995 0.078087
W11C 22.294167 120.868222 196.875 156.835 0.607469 0.051643
W11D 22.698444 121.026167 195.473 109.315 0.719734 0.050462
W11E 22.462417 120.940806 196.122 136.853 0.594259 0.052301
W11F 22.532417 120.954333 196.475 129.02 0.533838 0.050119
W120 23.075028 121.352583 176.08 63.8266 3.332875 0.266259
W121 23.191944 121.395861 170.169 51.4832 5.036265 0.342627
W122 22.795250 121.193611 187.196 95.408 0.606362 0.115696
W123 22.747306 121.151444 189.253 101.28 0.895281 0.160367
W124 23.044833 121.146194 194.064 69.0833 3.175614 0.138054
W125 22.898798 121.149922 191.168 84.791 2.920061 0.187516
W126 22.765500 121.062806 194.533 101.171 0.710721 0.056206
W127 22.860361 121.091972 194.355 90.2518 1.497178 0.106498
W128 22.746833 121.137028 190.073 101.578 0.596428 0.079396
W129 22.477611 120.907528 197.701 136.229 0.533660 0.057810
W12A 23.131889 121.176833 193.372 58.9732 9.994007 0.278738
W12B 22.727861 121.108417 191.465 104.189 1.199771 0.122750
W12D 23.186861 121.024833 209.662 58.9946 8.607568 0.255039
W12E 22.587700 120.993700 195.46 122.025 0.417812 0.050841
W12F 22.595300 120.961700 197.053 122.131 0.950431 0.063871
W130 22.453600 120.887400 198.184 139.394 0.782044 0.059864
W131 22.591444 120.632472 210.758 136.232 0.766581 0.066541
W132 22.427194 120.628639 207.413 152.365 0.420610 0.059968
W133 22.702444 120.635556 213.48 125.621 1.897589 0.130299
W134 22.771139 120.496528 220.708 128.09 4.914498 0.940025
W135 22.667028 120.600139 213.873 130.899 1.020413 0.104536
W136 22.463472 120.622417 208.337 149.102 0.424615 0.045296
W137 21.943611 120.800972 195.559 196.062 0.359145 0.039960
W138 22.837878 120.638889 217.498 113.164 4.171798 0.214076
W139 22.862861 120.634528 218.544 111.251 2.571540 0.154191
W13A 22.547778 120.543167 212.915 145.161 2.264756 0.323402
W13B 22.528028 120.627528 209.502 142.576 1.371387 0.087964
W13C 22.743639 120.639139 214.512 121.623 1.435609 0.107168
W13D 22.129167 120.776361 198.113 177.098 0.300999 0.043031
W13E 22.024000 120.839667 195.1 186.426 0.414879 0.052619
W13F 22.022972 120.721000 198.663 190.052 0.537068 0.099162
W140 22.816806 120.640972 216.709 114.904 1.382437 0.087664
W141 22.630694 120.594028 213.148 134.609 1.031035 0.185654
W142 22.330441 120.621078 205.932 162.308 0.663372 0.074259
W144 22.717194 120.486222 219.391 133.361 3.468041 0.580812
W145 22.765972 120.644639 214.957 119.264 0.897641 0.076731
W146 22.176306 120.837222 196.643 170.256 0.880411 0.083357
W147 22.072806 120.716000 199.355 184.994 0.489072 0.087413
W148 22.652639 120.630611 212.34 130.54 1.372497 0.084037
W149 22.370639 120.626667 206.443 158.053 0.423731 0.050980
W14A 22.124722 120.846278 195.822 175.487 0.414134 0.051181
W14B 22.235111 120.802972 198.459 165.094 0.593670 0.050515
W14C 21.970350 120.734500 197.734 195.165 0.467963 0.079675
W14D 21.940300 120.732500 197.502 198.402 0.412710 0.085574
W14E 22.337434 120.368618 213.768 174.483 0.481116 0.119316
W14F 21.913000 120.848200 193.938 198.116 0.357125 0.054533
W150 24.661700 120.821200 336.191 122.574 -1.729595 0.196940
W151 24.443917 120.874111 333.33 98.4785 4.004804 0.194430
W152 24.573944 120.936528 339.72 109.152 1.317097 0.110065
W153 24.578139 120.849333 335.601 112.965 1.738005 0.139999
W154 24.498111 120.827917 332.538 105.959 0.723438 0.102295
W155 24.343750 120.766556 324.368 94.6677 1.795981 0.127202
W156 24.422111 120.910444 334.661 94.6852 1.262473 0.094190
W157 24.490167 120.789111 330.454 107.077 3.355462 0.210160
W158 24.707639 120.923750 341.556 123.545 1.785295 0.192447
W159 24.298167 120.849389 326.949 85.7393 1.150694 0.127097
W15A 24.410492 120.902234 333.864 93.8911 1.854013 0.090865
W15B 24.554278 120.812472 333.305 112.207 1.672192 0.160551
W15C 24.388228 120.971512 337.229 88.721 -1.505667 0.094386
W15D 24.476556 120.891083 335.129 100.977 1.376708 0.075255
W15E 24.686667 120.960500 342.884 120.189 1.556457 0.127240
W15F 24.409472 120.765306 326.736 100.728 2.561483 0.171775
W160 24.544696 120.922947 338.419 106.624 0.967834 0.075886
W162 24.382417 120.759472 325.488 98.5787 2.644459 0.189744
W163 24.397167 120.868083 331.576 94.1787 1.334340 0.113260
W164 24.600222 121.039750 345.426 108.773 1.428628 0.096729
W165 24.401500 120.765833 326.482 99.9635 1.489629 0.102049
W166 24.604417 121.000722 343.5 110.287 1.143504 0.086027
W167 24.707639 120.895139 340.293 124.499 1.546357 0.186527
W168 24.359000 120.947444 334.911 86.7608 5.422131 0.226296
W169 24.655700 120.955300 342.139 117.08 1.186984 0.148410
W16B 24.301406 120.711450 319.946 94.4247 1.912869 0.117116
W16C 24.195119 120.662780 312.627 89.3721 1.013221 0.073943
W16D 24.196251 120.547445 308.082 98.4269 3.585392 0.209581
W16E 24.107300 120.623300 306.05 86.352 2.029677 0.183942
W16F 24.204727 120.726523 316.083 85.4609 1.423071 0.123727
W170 24.207888 120.839611 322.318 78.1755 1.838128 0.155755
W171 24.213055 120.704472 315.453 87.6883 0.844395 0.084411
W172 24.172666 120.719555 314.036 83.4594 0.905362 0.119943
W173 24.157250 120.828388 318.979 74.5749 2.142521 0.122432
W174 24.255784 121.259383 355.619 67.2928 7.285926 0.297666
W175 24.265987 120.807789 323.259 85.2504 1.246023 0.104722
W176 24.332337 120.653446 318.654 100.872 1.435061 0.127093
W177 24.291833 120.908861 330.212 81.9773 3.423826 0.284519
W178 24.265833 120.573083 312.43 101.382 3.391787 0.268266
W179 24.254305 120.721027 318.267 89.8552 1.200191 0.085004
W17C 24.110055 120.732000 310.995 77.8563 1.499313 0.147718
W17D 24.028416 120.697750 304.021 75.148 1.489004 0.139981
W17E 24.183444 120.929583 326.829 70.6471 1.137718 0.081597
W17F 24.057277 120.697750 306 76.9711 3.818736 0.207123
W180 24.307083 120.695083 319.432 95.9825 1.198046 0.082977
W181 24.117888 120.795805 314.803 73.6733 1.441640 0.117930
W182 24.194055 120.812250 320.036 78.7352 2.937682 0.170085
W183 24.177083 120.979750 330.125 67.3698 4.311671 NULL
W184 24.222232 120.650180 313.469 92.3517 1.136278 0.081217
W185 24.327770 120.920767 332.261 84.877 2.269725 0.110514
W186 24.236972 120.880194 326.146 78.3631 2.814584 0.212261
W188 24.252805 120.834972 324.182 82.4357 1.664691 0.119564
W189 24.163777 120.881888 322.632 71.6825 1.077215 0.078395
W18A 24.202638 121.006277 333.259 68.576 4.115796 0.211486
W18B 24.171194 120.895861 323.935 71.4876 1.677323 0.114914
W18C 24.122861 120.751694 312.76 77.303 1.015099 0.157545
W18D 23.565100 120.475400 263.867 85.6946 4.724522 0.454190
W18E 23.514400 120.313000 261.804 102.873 3.233301 0.353193
W18F 23.342600 120.174500 253.867 120.877 2.321822 0.290824
W190 23.475246 120.619825 254.778 73.0713 2.391075 0.201944
W191 23.294647 120.591526 241.944 83.2862 7.065470 0.325411
W192 23.557642 120.481859 263.265 85.1376 1.943261 0.320695
W193 23.558023 120.554261 262.627 77.801 3.652246 0.298906
W194 23.461297 120.240665 259.376 111.16 2.265883 0.366438
W196 23.454856 120.330908 257.995 102.275 3.820095 0.384979
W197 23.542467 120.634280 260.337 69.9894 2.570618 0.256090
W198 23.555350 120.429316 263.523 90.4935 2.626450 0.376324
W199 23.529690 120.739670 257.221 59.7199 5.458538 0.225342
W19A 23.576848 120.590405 263.848 73.8823 3.268532 0.252331
W19B 23.467104 120.248046 259.629 110.297 2.993444 0.386291
W19C 23.381727 120.529968 249.701 85.0239 4.071911 0.193357
W19D 23.520225 120.553300 259.61 78.5663 4.076059 0.347386
W19E 23.576218 120.749962 261.975 57.7351 3.029371 0.302660
W19F 23.516364 120.808578 253.972 53.2804 7.070418 0.464405
W200 23.300359 120.666778 239.617 76.2722 3.655817 0.201707
W201 23.587508 120.551566 265.041 77.7063 2.642282 0.224853
W202 23.472400 120.670000 253.374 68.2365 3.650108 0.170022
W203 23.555508 120.669083 261.038 66.2449 2.874557 0.180321
W204 23.382941 120.668102 245.844 71.9196 7.296981 0.241924
W205 23.439022 120.604678 252.165 75.714 5.258597 0.390458
W207 23.424967 120.395420 255.24 96.6583 2.869506 0.307983
W208 23.468355 120.701414 252.18 65.3092 3.590146 0.204006
W209 23.553101 120.577240 261.98 75.5534 3.353459 0.375468
W20B 23.485024 120.557558 256.77 78.9592 3.044195 0.250962
W20C 23.453300 120.749200 249.282 61.2625 5.923980 0.265316
W20D 23.494700 120.425600 259.39 91.908 2.967597 0.410189
W20E 23.465200 120.438000 257.227 91.3501 7.209223 0.571690
W20F 23.484056 120.487249 257.822 85.9809 3.644939 0.295212
W210 23.344227 120.474014 248.533 91.8602 2.598576 0.248135
W211 23.376845 120.445009 251.268 93.3784 4.374288 0.351073
W212 23.368009 120.413187 251.351 96.7731 4.496860 0.430922
W213 23.352203 120.413945 250.361 97.284 8.782570 0.408765
W214 23.285872 120.364627 247.526 104.666 4.350759 0.360811
W215 23.397338 120.440479 252.682 93.1028 4.135272 0.382321
W217 23.323517 120.405117 248.816 99.2556 6.501878 0.421358
W218 23.189250 120.342317 242.9 111.288 4.180366 0.440890
W219 23.079350 120.295800 238.84 121.437 3.823168 0.400722
W21A 23.100767 120.355650 238.249 114.977 4.323458 0.300838
W21B 23.037417 120.311050 236.608 122.629 2.454903 0.297420
W21C 23.068283 120.349150 236.935 117.485 2.531204 0.414211
W21E 22.964733 120.359500 232.213 123.338 3.890066 0.377115
W21F 22.904367 120.352567 230.058 128.118 3.450517 0.482488
W220 23.033317 120.267833 237.553 126.58 2.215078 0.335852
W221 23.025950 120.256133 237.537 128.03 2.453308 0.303814
W222 23.006283 120.258483 236.667 129.025 2.786875 0.413753
W223 22.993517 120.212983 237.274 133.696 2.455738 0.198397
W224 22.982567 120.239067 236.2 132.144 1.700464 0.206509
W226 23.186100 120.252983 244.775 119.626 3.695765 0.438511
W227 23.189083 120.192467 246.14 125.103 6.045198 0.508608
W228 23.049050 120.173883 240.417 133.888 2.631179 0.378387
W229 23.267100 120.246383 248.894 116.653 3.445794 0.266817
W22A 22.963300 120.235783 235.524 133.631 1.803192 0.281133
W22B 23.344383 120.315883 251.763 107.035 3.590650 0.317799
W22C 23.055867 120.404150 234.79 113.619 3.173015 0.204103
W22D 23.275383 120.312900 248.039 109.998 5.738616 0.278622
W22E 22.962083 120.253817 235.018 132.197 2.337610 0.314322
W22F 23.098167 120.225067 241.361 126.643 4.543805 0.445155
W231 23.046050 120.445683 233.053 110.839 3.404074 0.175267
W232 23.044617 120.470283 232.183 108.942 3.059588 0.139745
W233 23.074167 120.519383 231.887 102.964 7.465445 0.307386
W234 23.121033 120.458983 236.213 104.884 2.818045 0.166800
W235 23.173350 120.595267 234.289 90.129 2.742729 0.210486
W236 23.174500 120.485583 238.159 99.3649 2.678239 0.164887
W237 23.280578 120.467383 244.748 95.3156 2.566657 0.131650
W238 23.064300 120.389100 235.621 114.342 2.335916 0.158833
W239 23.306500 120.316400 249.652 108.399 2.271111 0.248594
W23A 23.122500 120.393000 238.251 110.457 1.978476 0.164288
W23B 23.025000 120.348700 235.041 120.231 3.535820 0.342304
W23D 23.366500 120.366200 252.146 101.379 3.113774 0.410216
W23E 24.704300 121.183400 353.74 117.482 1.185591 0.081482
W23F 24.677400 121.208800 354.857 114.26 2.502100 0.128771
W240 24.675433 121.059717 347.428 116.391 1.920885 0.133168
W241 24.631533 121.118058 349.865 110.452 3.660395 0.585113
W243 24.767150 121.057600 348.344 126.366 1.266441 0.156619
W244 24.739917 121.021717 346.421 124.223 1.686438 0.193509
W245 24.686917 120.988267 344.175 119.413 2.526443 0.215198
W246 24.735683 121.088383 349.44 122.342 2.456729 0.179458
W247 24.575233 121.105417 348.569 104.568 2.982269 0.076949
W248 24.773950 121.082533 349.531 126.617 1.433215 0.147017
W249 24.799267 120.999417 346.144 131.146 1.252232 0.198673
W24A 24.899167 121.038017 348.768 141.09 1.311514 0.129426
W24B 24.706900 121.203033 354.717 117.567 2.029153 0.124249
W24C 24.728183 121.226050 355.932 119.725 1.204592 0.115232
W24D 24.618633 121.285517 358.676 107.315 2.574986 0.091120
W24E 24.768267 121.224550 356.008 124.165 0.892674 0.056387
W24F 24.659750 121.301900 359.58 111.844 5.203518 0.174010
W250 24.579967 121.302283 359.565 103.006 3.704455 0.235912
W251 24.796267 120.973983 345.021 131.47 2.455956 0.253136
W252 24.801567 121.140667 352.355 128.704 1.614362 0.158286
W253 24.796250 120.944067 343.756 132.29 1.264749 0.224353
W254 24.796917 120.966517 344.712 131.738 2.093614 0.288637
W255 24.733500 120.967267 343.889 124.959 2.736275 0.223498
W256 24.887533 121.094483 350.973 138.808 0.958833 0.123260
W257 24.878806 121.060796 349.519 138.438 1.029386 0.112597
W258 24.782200 121.011733 346.478 129.012 1.565792 0.191035
W259 24.726233 120.929550 342.111 125.315 3.250412 0.279219
W25A 24.648100 121.151300 351.731 111.721 2.392436 0.103528
W25B 24.789100 120.996400 345.894 130.128 2.508356 0.245632
W25C 24.689400 121.020100 345.706 118.834 2.516325 0.179403
W25D 24.701000 121.053400 347.427 119.294 1.846532 0.155789
W25E 24.705600 121.105800 349.978 118.746 1.444086 0.107860
W25F 24.680300 121.247200 356.812 114.295 1.310238 0.078956
W260 24.859100 121.360100 2.16552 134.019 2.203295 0.144463
W261 24.872733 121.404500 4.03391 135.772 1.489309 0.095650
W262 24.853583 121.437350 5.51513 133.937 0.774870 0.058478
W263 24.958333 121.333167 0.92515 144.934 2.034487 0.183192
W264 24.955933 121.389367 3.1719 144.873 3.121960 0.209664
W265 24.971224 121.442442 5.2219 146.959 -2.220927 0.222979
W266 24.926238 121.447213 5.60025 142.044 1.491902 0.098684
W267 24.997667 121.424283 4.42018 149.722 2.683166 0.253089
W268 25.016667 121.405833 3.65665 151.689 2.449804 0.252352
W269 25.024105 121.413752 3.93629 152.565 8.381519 0.648433
W26B 25.044660 121.426907 4.36788 154.933 1.727131 0.223596
W26C 25.062215 121.431638 4.48699 156.909 2.149060 0.273704
W26D 25.071315 121.433947 4.54214 157.932 2.343330 0.255476
W26E 25.082678 121.437393 4.63067 159.215 1.971097 0.206308
W26F 25.080467 121.389683 2.90503 158.65 2.393698 0.174758
W270 25.107867 121.339233 1.04631 161.507 4.600166 0.357461
W271 25.149450 121.403433 3.247 166.356 2.087014 0.234848
W272 25.099950 121.450850 5.05601 161.237 2.563305 0.250798
W273 25.084333 121.469650 5.78915 159.696 1.193124 0.190374
W275 25.050281 121.474908 6.12432 156.001 2.629951 0.182360
W276 25.015600 121.483390 6.60062 152.279 1.666140 0.174135
W278 25.003483 121.517283 7.94596 151.385 0.960930 0.104019
W279 24.952050 121.486717 7.05467 145.33 4.542130 0.193468
W27A 24.922467 121.546800 9.63197 142.978 1.490189 0.119800
W27B 24.902150 121.553133 10.0432 140.871 1.241355 0.059623
W27C 24.862952 121.554462 10.4192 136.624 0.655864 0.048792
W27D 25.147560 121.460037 5.21165 166.573 1.905633 0.150292
W27E 25.157833 121.483424 5.97705 167.938 2.465941 0.157644
W27F 25.257867 121.501400 6.17979 179.15 1.306132 0.122707
W280 25.291961 121.567179 8.1054 183.732 0.665370 0.065180
W281 25.239444 121.630556 10.3949 179.03 0.484329 0.073224
W282 25.222355 121.636885 10.7095 177.288 0.655368 0.066857
W283 25.219013 121.602608 9.6293 176.306 0.355263 0.045891
W284 25.167375 121.638686 11.1523 171.346 0.902856 0.084268
W285 25.176537 121.688634 12.7187 173.392 1.014956 0.095235
W286 25.107720 121.804292 17.1528 169.07 0.542641 0.048063
W287 25.120923 121.919092 20.6452 174.248 0.294116 0.031026
W28A 25.016510 121.988533 24.3257 166.287 0.241297 0.033676
W28B 25.033040 121.867920 20.1705 163.318 0.896360 0.066928
W28C 25.015100 121.804410 18.258 159.311 1.496718 0.076291
W28D 25.026990 121.738410 15.8233 158.596 1.245728 0.080749
W28E 25.007658 121.688042 14.2363 155.196 0.962190 0.110259
W28F 24.990690 121.658658 13.3331 152.658 0.598777 0.060913
W290 25.047819 121.618753 11.377 157.966 2.571979 0.207528
W291 25.066754 121.655177 12.5114 160.786 1.976071 0.112496
W292 24.952989 121.636375 12.8627 148.077 0.901682 0.105502
W293 24.936034 121.710787 15.86 148.142 1.314356 0.080036
W294 25.001655 121.616882 11.6899 152.919 1.438909 0.108999
W295 24.953571 121.538708 9.0884 146.242 2.323308 0.140888
W296 24.777416 121.502129 8.84419 126.391 0.838609 0.064569
W297 24.972988 121.548466 9.33125 148.524 2.032387 0.131522
W298 25.065900 121.480300 6.25305 157.78 1.745424 0.196408
W299 24.954900 121.346700 1.46925 144.583 1.611105 0.117267
W29A 25.203800 121.501700 6.40569 173.201 1.141465 0.075244
W29B 25.258700 121.530100 7.09353 179.58 0.894478 0.060072
W29D 25.056204 121.448047 5.11089 156.385 3.226850 0.310852
W29E 24.939124 121.373232 2.56125 142.931 0.892545 0.108605
W300 25.130896 121.746233 15.009 169.894 0.776065 0.103707
W302 25.107268 121.665507 12.523 165.393 0.961818 0.069481
W303 25.138823 121.707255 13.6507 169.76 0.889421 0.071490
W304 25.098494 121.753993 15.5921 166.644 1.440439 0.112588
W305 25.128716 121.783250 16.2398 170.679 0.783991 0.068445
W306 25.124803 121.756741 15.4146 169.525 0.773345 0.065236
W310 24.976283 121.583650 10.6515 149.506 0.878628 0.093904
W311 25.025767 121.568600 9.71921 154.628 1.189729 0.098424
W312 25.028600 121.568117 9.68143 154.929 1.968287 0.201719
W313 25.049217 121.548600 8.83061 156.862 1.925394 0.240537
W314 25.050233 121.578617 9.91308 157.472 2.630788 0.208449
W315 25.087250 121.601200 10.4545 161.914 1.318973 0.127189
W316 25.083633 121.565650 9.2251 160.899 3.710533 0.312580
W317 25.106067 121.563933 9.0238 163.325 0.772711 0.080295
W318 25.129450 121.576600 9.3171 166.087 2.561017 0.233245
W319 25.168500 121.538833 7.81018 169.79 2.460613 0.189987
W31A 25.117900 121.538367 8.06291 164.233 0.548302 0.061829
W31B 25.092583 121.525067 7.73246 161.269 1.439402 0.175607
W31D 25.119500 121.505017 6.8905 163.966 1.729397 0.179354
W31E 25.141933 121.509783 6.9507 166.491 0.422553 0.055416
W31F 25.126600 121.466217 5.50248 164.321 1.917661 0.172516
W320 25.083500 121.572400 9.4652 160.997 2.819879 0.213962
W321 25.049600 121.538100 8.4456 156.743 1.445297 0.217234
W322 25.002700 121.551700 9.24904 151.824 2.975260 0.210627
W323 25.040724 121.614071 11.2655 157.102 5.269406 0.335869
W324 25.064100 121.512600 7.43617 157.975 1.191499 0.162306
W330 25.006500 121.214167 356.316 150.565 1.622358 0.238363
W331 25.012600 121.137283 353.41 151.941 1.325745 0.174580
W332 24.973649 121.102035 351.849 148.123 1.199173 0.164036
W333 25.035383 121.083200 351.516 155.166 0.766841 0.111834
W334 24.974535 121.026197 348.949 149.511 1.013409 0.147477
W335 25.086383 121.190683 355.673 159.56 1.310472 0.188731
W336 24.918767 121.137217 352.92 141.623 1.311065 0.182037
W337 24.922617 121.249983 357.537 141.09 1.259271 0.235818
W339 24.655217 121.399450 4.65005 111.709 4.780070 0.259299
W33A 24.936917 121.080517 350.765 144.434 1.327208 0.189651
W33B 24.881783 121.304483 359.766 136.436 2.281558 0.155847
W33C 24.847667 121.167667 353.81 133.442 1.309336 0.129921
W33D 24.870400 121.234700 356.778 135.39 1.548067 0.110639
W33E 24.836200 121.248400 357.286 131.535 2.390044 0.222378
W33F 24.800100 121.307300 359.877 127.388 3.645679 0.143796
W340 24.797500 121.364850 2.49906 127.221 1.257908 0.091458
W341 24.908267 121.179500 354.596 139.997 1.328297 0.169651
W342 24.986783 121.290100 359.223 148.08 2.042625 0.252574
W343 25.045083 121.314617 0.172733 154.525 1.139519 0.183823
W344 24.674000 121.367317 2.92844 113.569 2.262486 0.116250
W345 24.712119 121.360400 2.48236 117.753 1.911690 0.085603
W346 25.057956 121.359963 1.85186 156.033 2.439574 0.255092
W350 23.852700 120.320700 282.747 103.324 2.457000 0.255986
W351 24.147000 120.476300 303.126 101.18 2.577699 0.274596
W352 24.088800 120.479800 300.054 97.5307 1.439276 0.198532
W353 24.058600 120.443400 297.315 99.201 1.613675 0.182870
W354 24.008000 120.419100 293.775 99.0523 2.402087 0.200843
W355 23.981300 120.390100 291.563 100.66 1.858298 0.165292
W356 23.937600 120.395300 289.048 98.5116 2.508227 0.213068
W357 23.897900 120.370600 286.188 99.6106 3.158057 0.233161
W358 23.876000 120.416600 285.547 94.4475 2.624400 0.219682
W359 23.853100 120.491900 285.258 86.3825 2.917434 0.234651
W35A 23.892700 120.478100 287.755 88.9542 2.628560 0.305966
W35C 23.948700 120.443200 290.705 94.3263 1.865698 0.236296
W35D 23.968000 120.486900 292.943 90.9695 1.188664 0.223456
W35E 24.002600 120.492900 295.294 91.9571 1.260172 0.175660
W35F 24.104200 120.533400 302.613 93.7372 1.187966 0.160906
W360 24.071700 120.551500 301.306 90.2816 1.312937 0.158056
W361 24.047600 120.544600 299.61 89.5473 3.586595 0.212071
W362 24.017200 120.565700 298.355 86.0486 1.432374 0.173675
W363 23.992700 120.585000 297.34 83.0521 3.292624 0.138351
W364 23.968400 120.601300 296.169 80.3671 2.694650 0.193527
W365 23.962300 120.563500 294.6 83.5654 3.054896 0.277221
W366 23.919800 120.601400 292.62 78.1581 1.921779 0.115557
W367 23.867100 120.605300 288.647 75.7547 2.627722 0.193366
W368 23.811000 120.617000 284.302 72.8755 5.733423 0.380786
W36A 23.886800 120.560600 289.099 80.7654 3.295165 0.311314
W36B 24.014889 120.643065 300.876 79.0591 1.375065 0.133024
W370 23.577100 120.304700 265.701 102.911 2.141510 0.304682
W371 23.711400 120.266100 273.863 106.696 1.714524 0.333053
W372 23.541700 120.189700 264.235 114.973 3.887654 0.316400
W373 23.709700 120.191200 273.539 114.311 1.675211 0.190414
W374 23.739800 120.222200 275.34 111.39 3.531449 0.231639
W375 23.600700 120.179300 267.516 115.51 2.020077 0.196936
W376 23.642900 120.177700 269.836 115.529 1.073929 0.115309
W377 23.767200 120.458300 278.67 87.8208 3.341908 0.269873
W378 23.816700 120.413900 281.603 93.2131 3.049627 0.237787
W379 23.786200 120.355500 279 98.4944 1.619125 0.239836
W37A 23.797500 120.273500 278.994 106.945 1.557278 0.197494
W37B 23.656700 120.349700 270.626 97.9748 3.166316 0.300344
W37C 23.620700 120.315000 268.368 101.578 1.856139 0.248730
W37E 23.719800 120.338300 274.654 99.4121 2.144311 0.435554
W37F 23.715300 120.529100 275.344 79.9793 3.538829 0.372567
W380 23.677300 120.513900 272.291 81.2699 3.585506 0.384723
W381 23.737200 120.514500 276.947 81.7064 2.380918 0.263897
W382 23.645700 120.565800 269.789 75.9294 2.148791 0.201527
W383 23.686700 120.586300 273.296 73.9366 2.745825 0.373351
W384 23.759900 120.617600 279.918 71.654 5.265278 0.376911
W385 23.768000 120.563400 279.889 77.2511 4.108630 0.273190
W386 23.741300 120.401400 276.409 93.218 1.661743 0.210367
W387 23.710200 120.441600 274.478 88.8291 4.427900 0.454073
W388 23.647200 120.459200 269.965 86.8046 4.658777 0.357727
W389 23.634660 120.401620 269.131 92.6985 2.714440 0.395466
W38A 23.604100 120.240900 267.545 109.212 2.379465 0.194040
W38B 23.604200 120.631900 265.943 69.3811 2.810873 0.198004
W38C 23.561300 120.606300 262.351 72.4879 2.575025 0.131198
W38D 23.411800 120.307700 255.746 105.697 4.428385 0.298471
W38E 23.419800 120.183000 257.733 117.873 2.848799 0.245076
W390 22.673000 121.470500 171.331 109.44 1.005549 0.098107
W391 22.674500 121.493100 170.118 109.648 0.658260 0.061475
W392 22.080000 121.527900 172.629 175.298 0.298986 0.039185
W393 22.019400 121.562700 171.777 182.429 0.242590 0.046028
W394 23.354200 121.465500 154.104 36.4074 24.511620 2.214734
W395 23.315400 121.452400 158.539 39.8104 -0.000000 0.000000
W396 23.286200 121.430100 163.038 42.1182 12.489362 0.688907
W398 23.157000 121.399900 170.428 55.3677 6.575478 0.368847
W39A 23.039700 121.292900 181.485 67.6129 2.320875 0.113252
W39B 23.095700 121.218600 188.673 62.0957 4.666199 0.413672
W39D 23.006100 121.173000 191.143 72.6748 2.346359 0.333830
W39F 22.716900 121.047700 194.619 106.77 0.539672 0.058268
W400 22.340000 120.889200 196.644 151.354 0.416780 0.049745
W401 22.757300 121.145000 189.728 100.297 0.772351 0.129893
W402 24.394400 120.920800 334.426 91.4634 2.803863 0.154442
W403 24.601900 120.778200 332.962 118.484 1.498396 0.159512
W404 24.490900 120.683300 325.743 112.856 1.270853 0.141283
W405 24.559000 120.710000 328.91 117.719 1.872381 0.163089
W406 24.448200 120.654700 323.119 110.718 2.870728 0.251163
W407 24.417600 120.685200 323.345 106.149 1.615593 0.127127
W408 24.527600 120.751700 329.827 112.565 3.039418 0.192386
W409 24.624000 120.894000 338.681 115.871 1.560505 0.107087
W40A 24.617800 120.914900 339.542 114.47 1.608820 0.139625
W40B 24.543500 120.971000 340.866 104.795 1.317811 0.106460
W40C 24.347800 120.826600 327.624 91.6115 1.851408 0.149389
W40D 24.465800 120.940100 337.47 97.8763 1.734135 0.095699
W40E 24.489700 120.932700 337.657 100.609 1.260161 0.095687
W40F 24.440000 120.925500 335.994 95.8425 1.907848 0.102258
W410 24.226100 120.704600 316.116 88.711 1.004959 0.085234
W411 24.135900 120.677600 310.011 83.927 1.074321 0.098948
W412 24.196300 120.748000 316.713 83.2765 2.436871 0.212033
W413 24.276700 120.634900 315.426 97.6691 0.844122 0.114395
W414 24.292900 120.935100 331.891 80.7847 3.046294 0.144875
W415 24.276500 120.773800 321.923 88.2796 1.028759 0.136354
W416 24.062090 120.642894 304.021 81.8595 3.118138 0.258085
W417 24.083800 120.752443 310.344 74.3882 1.362089 0.128621
W418 24.149332 120.615334 308.158 89.7911 1.900754 0.203040
W420 22.073000 120.814000 196.346 181.907 0.358796 0.057605
W421 22.261100 120.650993 203.849 168.005 0.668400 0.102258
W422 22.738282 120.553960 217.621 127.222 1.796395 0.189709
W423 22.470952 120.454348 214.05 157.282 1.017367 0.196974
W424 22.432549 120.518390 211.193 157.355 1.442282 0.191733
W425 22.401681 120.576875 208.671 157.348 0.773907 0.112609
W426 22.804009 120.577580 218.808 119.989 1.663277 0.183748
W427 22.807755 120.492351 222.059 125.314 2.226872 0.358980
W430 23.231500 120.261600 246.813 116.729 2.263444 0.207154
W431 23.245500 120.160000 249.36 125.757 3.960962 0.395133
W432 23.286100 120.138000 251.63 126.338 3.003034 0.343069
W433 23.218500 120.106800 249 131.917 3.446571 0.468625
W434 23.188500 120.088500 247.978 134.898 2.217308 0.350625
W435 23.160000 120.135300 245.912 131.764 2.402324 0.297344
W437 23.121500 120.180700 243.339 129.436 2.931736 0.290121
W438 22.914300 120.271600 232.719 133.883 1.323882 0.212216
W439 22.939900 120.333400 231.984 127.143 3.151489 0.442257
W43A 23.076500 120.116900 242.732 137.534 1.862942 0.403039
W43B 23.241000 120.317700 246.125 111.053 2.507018 0.207514
W43C 23.265900 120.446700 244.425 97.9279 3.352416 0.206784
W43D 23.226000 120.348400 244.649 108.908 4.238737 0.249712
W43E 23.222200 120.400400 243.172 104.33 3.532637 0.218962
W43F 23.266400 120.387900 245.911 103.349 6.031741 0.411070
W440 22.656400 120.423300 219.704 142.665 1.735802 0.298813
W441 22.561400 120.336000 219.804 156.492 2.203680 0.350490
W442 22.507600 120.393500 216.765 157.557 1.783460 0.247487
W443 22.759900 120.293000 226.764 143.371 1.637945 0.413242
W444 22.783700 120.247300 228.797 145.039 3.172970 0.451317
W445 22.727866 120.278262 226.17 146.923 1.544305 0.353761
W446 22.851119 120.540862 221.808 118.416 1.628084 0.241935
W447 23.022574 120.561548 227.914 103.378 1.138837 0.157264
W448 22.888264 120.480625 225.333 119.657 1.560082 0.190465
W449 23.248737 120.702867 234.505 76.3117 3.352152 0.183497
W44A 23.276186 120.720543 235.611 73.0817 7.129186 0.235486
W44B 22.847315 120.465447 224.36 123.983 2.030748 0.304387
W44C 22.623642 120.271294 223.309 155.681 2.215470 0.230453
W451 22.971100 121.304900 180.398 75.1891 3.049962 0.169488
W460 23.379400 120.246700 254.783 112.654 3.276965 0.363747
W461 23.336000 120.245600 252.475 114.151 3.727356 0.290574
W462 23.306700 120.208400 251.551 118.786 3.887754 0.330239
W463 23.518100 120.591100 258.885 74.8221 3.774308 0.245258
W464 23.555700 120.724400 260.205 60.6725 7.240364 0.295579
W465 23.502000 120.697800 255.425 64.6086 4.190976 0.187535
W466 23.337700 120.683200 241.746 72.7703 3.289690 0.201940
W467 23.533700 120.721500 258.015 61.434 3.889294 0.148971
W468 23.539800 120.665500 259.618 66.9055 4.120787 0.341988
W469 23.492300 120.753900 253.01 59.3961 7.850514 0.426852
W46A 23.405400 120.720700 245.882 65.995 6.389740 0.187026
W46B 23.429600 120.660200 249.931 70.6985 2.331079 0.204331
W46C 23.561785 120.349194 264.502 98.5442 3.886883 0.308070
W46D 23.491675 120.186936 261.528 115.983 3.837902 0.278404
W470 24.747600 121.691400 17.6012 127.597 1.137276 0.110812
W471 24.779500 121.699700 17.4798 131.219 1.139939 0.067707
W472 24.654100 121.762800 22.3875 120.36 2.388859 0.244379
W473 24.626700 121.743500 22.0737 116.809 1.381785 0.085075
W474 24.692700 121.728600 20.1347 123.075 1.088864 0.138128
W475 23.973472 121.562510 35.6354 44.109 8.814953 0.359243
W476 23.948446 121.547899 36.2109 40.9926 11.961153 0.452050
W47A 24.624880 121.148158 351.37 109.224 1.322837 0.085851
W47B 24.655658 121.326428 0.855718 111.4 4.355008 0.168198
W47C 24.745289 121.039347 347.284 124.393 1.444342 0.163451
W47D 24.901100 120.987684 346.778 142.387 0.892665 0.139448
W47E 24.866934 121.136116 352.572 135.942 2.258536 0.209299
W47F 24.789462 121.183263 354.202 126.864 1.006391 0.105274
W48A 24.157477 120.665515 310.708 86.4059 0.971297 0.103461
W48B 24.041928 120.700506 305.08 75.7594 1.262930 0.140487
W48C 23.794558 120.711857 284.828 63.0579 2.760470 0.144636
W48D 23.734977 120.783590 280.048 54.508 7.179542 0.200467
W48E 24.557479 120.757642 330.919 115.136 1.783423 0.142289
